SynplantPatch: {
	Version: 10
	Implementation: 10
	Name: "EE 101 Coughs"
	ModWheel: 0.00000000 %
	Rotation: 0.00000000 degrees
	Tuning: +0.00000000 ct 
	Atonality: 0.00000000 %
	Effect: -57.27442801 %
	Release: 160.04294407 ms 
	WheelScale: 100.00000000 %
	VelSens: 50.00000000 %
	Volume: 0.00000000 dB
	Branch1: 0.00000000 %
	Branch2: 0.00000000 %
	Branch3: 0.00000000 %
	Branch4: 0.00000000 %
	Branch5: 0.00000000 %
	Branch6: 0.00000000 %
	Branch7: 0.00000000 %
	Branch8: 0.00000000 %
	Branch9: 0.00000000 %
	Branch10: 0.00000000 %
	Branch11: 0.00000000 %
	Branch12: 0.00000000 %
	Seed: 0x34f2d09f
	Pitch: 0.00247788
	Cloned: false
	Genome: {
		env_time: 0.95049864,
		env_loop: 0.27622473,
		env_tilt: 0.49754924,
		vol_atk: 0.24413311,
		vol_dcy: 0.52267975,
		vol_sus: 0.93707764,
		mod_atk: 0.53827631,
		mod_dcy: 0.28548992,
		mod_sh: 0.19460833,
		mod_vel: 0.32080066,
		lfo_rate: 0.15392560,
		lfo_amt: 0.99968666,
		lfo_bal: 0.00776857,
		a_form: 0.78961092,
		a_noise: 0.17090011,
		a_color: 0.58475316,
		a_freq: 0.16625369,
		a_mod: 0.50000000,
		b_form: 0.64008802,
		b_noise: 0.10309350,
		b_freq: 0.60661799,
		b_mod: 0.50000000,
		b_sh: 0.16681337,
		fm_amt: 0.04935592,
		fm_mod: 0.54821259,
		sub_am: 0.35696602,
		balance: 0.98686951,
		flt_freq: 0.07282734,
		flt_mod: 0.97548175,
		flt_sep: 0.92916423,
		flt_q: 0.49222851,
		flt_kf: 0.21907133,
		fx_mix: 0.39004672,
		fx_len: 0.51318133,
		fx_damp: 0.71745515,
		fx_chors: 0.47073042,
		fx_size: 0.35494933
	}
}
