SynplantPatch: {
	Version: 10
	Implementation: 10
	Name: "eX Deja Vu"
	ModWheel: 0.00000000 %
	Rotation: 0.00000000 degrees
	Tuning: +0.00000000 ct 
	Atonality: 4.86187637 %
	Effect: 55.78051805 %
	Release: 4.09816407 s 
	WheelScale: 100.00000000 %
	VelSens: 50.00000000 %
	Volume: 0.00000000 dB
	Branch1: 82.98085928 %
	Branch2: 82.98085928 %
	Branch3: 82.98085928 %
	Branch4: 82.98085928 %
	Branch5: 82.98085928 %
	Branch6: 82.98085928 %
	Branch7: 82.98085928 %
	Branch8: 82.98085928 %
	Branch9: 82.98085928 %
	Branch10: 82.98085928 %
	Branch11: 82.98085928 %
	Branch12: 82.98085928 %
	Seed: 0xfc2bc436
	Pitch: 0.00000000
	Cloned: true
	Genome: {
		env_time: 0.76116949
		env_loop: 0.35005981
		env_tilt: 0.78023839
		vol_atk: 0.17218828
		vol_dcy: 0.81229234
		vol_sus: 0.54428524
		mod_atk: 0.28496382
		mod_dcy: 0.19840196
		mod_sh: 0.20410329
		mod_vel: 0.38577920
		lfo_rate: 0.36352587
		lfo_amt: 0.46961844
		lfo_bal: 0.36825824
		a_form: 0.59045225
		a_noise: 0.51930916
		a_color: 0.31561962
		a_freq: 0.50000000
		a_mod: 0.48821130
		b_form: 0.43709585
		b_noise: 0.25951937
		b_freq: 0.22244936
		b_mod: 0.48767614
		b_sh: 0.32587478
		fm_amt: 0.34271911
		fm_mod: 0.33762735
		sub_am: 0.71017605
		balance: 0.68358386
		flt_freq: 0.61658877
		flt_mod: 0.77759147
		flt_sep: 0.06763390
		flt_q: 0.17684808
		flt_kf: 0.35716826
		fx_mix: 0.61753398
		fx_len: 0.62823832
		fx_damp: 0.73370731
		fx_chors: 0.40278223
		fx_size: 0.50000000
	}
}
