SynplantPatch: {
	Version: 10
	Implementation: 10
	Name: "R7 Echos"
	ModWheel: 0.00000000 %
	Rotation: 0.00000000 degrees
	Tuning: +81.69465065 ct 
	Atonality: 10.64624861 %
	Effect: -79.02486026 %
	Release: 3.19356031 s 
	WheelScale: 16.12804979 %
	VelSens: 50.00000000 %
	Volume: 0.00000000 dB
	Branch1: 0.00000000 %
	Branch2: 0.00000000 %
	Branch3: 0.00000000 %
	Branch4: 0.00000000 %
	Branch5: 0.00000000 %
	Branch6: 0.00000000 %
	Branch7: 0.00000000 %
	Branch8: 0.00000000 %
	Branch9: 0.00000000 %
	Branch10: 0.00000000 %
	Branch11: 0.00000000 %
	Branch12: 0.00000000 %
	Seed: 0xa5514e96
	Pitch: 0.00000000
	Cloned: false
	Genome: {
		env_time: 0.58370578
		env_loop: 0.32741970
		env_tilt: 0.61683655
		vol_atk: 0.54999387
		vol_dcy: 0.32695517
		vol_sus: 0.19955055
		mod_atk: 0.40478376
		mod_dcy: 0.38449055
		mod_sh: 0.59145719
		mod_vel: 0.61376280
		lfo_rate: 0.97291851
		lfo_amt: 0.45199817
		lfo_bal: 0.09599087
		a_form: 0.87881410
		a_noise: 0.11793794
		a_color: 0.86988163
		a_freq: 0.32167485
		a_mod: 0.58666140
		b_form: 0.24958256
		b_noise: 0.02179849
		b_freq: 0.20946929
		b_mod: 0.50007242
		b_sh: 0.46672741
		fm_amt: 0.48749602
		fm_mod: 0.66141874
		sub_am: 0.52059269
		balance: 0.11011615
		flt_freq: 0.76941347
		flt_mod: 0.60010803
		flt_sep: 0.49820220
		flt_q: 0.53513712
		flt_kf: 0.01990068
		fx_mix: 0.29713798
		fx_len: 0.51512551
		fx_damp: 0.59107953
		fx_chors: 0.71556282
		fx_size: 0.75787282
	}
}
