SynplantPatch: {
	Version: 10
	Implementation: 10
	Name: "steeldromz v1"
	ModWheel: 0.00000000 %
	Rotation: 0.00000000 degrees
	Tuning: +0.00000000 ct 
	Atonality: 50.00000000 %
	Effect: 0.00000000 %
	Release: 1.08135259 s 
	WheelScale: 50.00000000 %
	VelSens: 50.00000000 %
	Volume: 1.40778525 dB
	Branch1: 0.00000000 %
	Branch2: 0.00000000 %
	Branch3: 0.00000000 %
	Branch4: 0.00000000 %
	Branch5: 0.00000000 %
	Branch6: 0.00000000 %
	Branch7: 0.00000000 %
	Branch8: 0.00000000 %
	Branch9: 0.00000000 %
	Branch10: 0.00000000 %
	Branch11: 0.00000000 %
	Branch12: 0.00000000 %
	Seed: 0xbb0b59b2
	Pitch: 0.00834918
	Cloned: true
	Genome: {
		env_time: 0.37063301
		env_loop: 0.40730989
		env_tilt: 0.39528787
		vol_atk: 0.76845860
		vol_dcy: 0.49206901
		vol_sus: 0.00000000
		mod_atk: 0.90927321
		mod_dcy: 0.33172822
		mod_sh: 0.63473368
		mod_vel: 0.00000000
		lfo_rate: 0.73332524
		lfo_amt: 0.66744804
		lfo_bal: 0.41573697
		a_form: 0.44048572
		a_noise: 0.47103536
		a_color: 0.57101029
		a_freq: 0.49860847
		a_mod: 0.52943599
		b_form: 0.85585690
		b_noise: 0.37219131
		b_freq: 0.73997372
		b_mod: 0.50100619
		b_sh: 0.49896312
		fm_amt: 0.27717531
		fm_mod: 0.64878023
		sub_am: 0.65908015
		balance: 0.77759844
		flt_freq: 0.61690921
		flt_mod: 0.25302309
		flt_sep: 0.29414481
		flt_q: 0.38058841
		flt_kf: 0.46393031
		fx_mix: 0.35086131
		fx_len: 0.76094192
		fx_damp: 0.66789734
		fx_chors: 0.54889566
		fx_size: 0.63898903
	}
}
