SynplantPatch: {
	Version: 10
	Implementation: 4
	Name: "NE Tivoli"
	ModWheel: 0.00000000 %
	Rotation: 0.00000000 degrees
	Tuning: +0.00000000 ct 
	Atonality: 45.03645599 %
	Effect: 0.00000000 %
	Release: 91.02821503 ms 
	WheelScale: 40.24390280 %
	VelSens: 0.00000000 %
	Volume: 0.00000000 dB
	Branch1: 0.00000000 %
	Branch2: 0.00000000 %
	Branch3: 0.00000000 %
	Branch4: 0.00000000 %
	Branch5: 0.00000000 %
	Branch6: 0.00000000 %
	Branch7: 0.00000000 %
	Branch8: 0.00000000 %
	Branch9: 0.00000000 %
	Branch10: 0.00000000 %
	Branch11: 0.00000000 %
	Branch12: 0.00000000 %
	Seed: 0x13aaca8b
	Pitch: 0.00000000
	Cloned: true
	Genome: {
		env_time: 0.89225924,
		env_loop: 0.77319837,
		env_tilt: 0.63256693,
		vol_atk: 0.87020546,
		vol_dcy: 0.28682819,
		vol_sus: 1.00000000,
		mod_atk: 0.17483142,
		mod_dcy: 0.01979923,
		mod_sh: 0.30033404,
		mod_vel: 0.50000000,
		lfo_rate: 0.85215884,
		lfo_amt: 0.65554762,
		lfo_bal: 0.97505563,
		a_form: 0.18333226,
		a_noise: 0.73025298,
		a_color: 0.71345174,
		a_freq: 0.50000000,
		a_mod: 0.54264772,
		b_form: 0.12994990,
		b_noise: 0.73634118,
		b_freq: 0.47536361,
		b_mod: 0.50635743,
		b_sh: 0.41977912,
		fm_amt: 0.53548753,
		fm_mod: 0.93616593,
		sub_am: 0.91203922,
		balance: 0.54683894,
		flt_freq: 0.73031777,
		flt_mod: 0.51044279,
		flt_sep: 0.66641176,
		flt_q: 0.91886854,
		flt_kf: 0.36114910,
		fx_mix: 0.29006040,
		fx_len: 0.40438986,
		fx_damp: 0.77227217,
		fx_chors: 0.56827134,
		fx_size: 0.35494933
	}
}
