SynplantPatch: {
	Version: 10
	Implementation: 2
	Name: "likeDisBass v1"
	ModWheel: 0.00000000 %
	Rotation: 0.00000000 degrees
	Tuning: +0.00000000 ct 
	Atonality: 50.00000000 %
	Effect: -34.13759470 %
	Release: 143.99690302 ms 
	WheelScale: 43.75000000 %
	VelSens: 32.49999881 %
	Volume: 1.11689175 dB
	Branch1: 0.00000000 %
	Branch2: 0.00000000 %
	Branch3: 0.00000000 %
	Branch4: 0.00000000 %
	Branch5: 0.00000000 %
	Branch6: 0.00000000 %
	Branch7: 0.00000000 %
	Branch8: 0.00000000 %
	Branch9: 0.00000000 %
	Branch10: 0.00000000 %
	Branch11: 0.00000000 %
	Branch12: 0.00000000 %
	Seed: 0x00000004
	Pitch: 0.00000000
	Cloned: true
	Genome: {
		env_time: 0.52600700
		env_loop: 0.86199480
		env_tilt: 0.15797368
		vol_atk: 0.38549611
		vol_dcy: 0.39416742
		vol_sus: 1.00000000
		mod_atk: 0.52489996
		mod_dcy: 0.03600927
		mod_sh: 0.46327752
		mod_vel: 0.00000000
		lfo_rate: 0.49041152
		lfo_amt: 0.61702973
		lfo_bal: 0.62923688
		a_form: 0.78948390
		a_noise: 0.75852919
		a_color: 0.70580363
		a_freq: 0.33513910
		a_mod: 0.49496219
		b_form: 0.37968922
		b_noise: 0.30551094
		b_freq: 0.51996088
		b_mod: 0.54629523
		b_sh: 0.52045304
		fm_amt: 0.33709720
		fm_mod: 0.95147580
		sub_am: 0.24372368
		balance: 0.75925386
		flt_freq: 0.33513868
		flt_mod: 0.96842790
		flt_sep: 0.35998642
		flt_q: 0.11894195
		flt_kf: 1.00000000
		fx_mix: 0.91603762
		fx_len: 0.43827119
		fx_damp: 0.32531342
		fx_chors: 0.07225525
		fx_size: 0.35598379
	}
}
