SynplantPatch: {
	Version: 10
	Implementation: 3
	Name: "NE Hellbass"
	ModWheel: 0.00000000 %
	Rotation: 0.00000000 degrees
	Tuning: +0.00000000 ct 
	Atonality: 20.99999934 %
	Effect: -21.62434459 %
	Release: 1.55446937 s 
	WheelScale: 100.00000000 %
	VelSens: 0.00000000 %
	Volume: -3.04006263 dB
	Branch1: 0.00000000 %
	Branch2: 0.00000000 %
	Branch3: 0.00000000 %
	Branch4: 0.00000000 %
	Branch5: 0.00000000 %
	Branch6: 0.00000000 %
	Branch7: 0.00000000 %
	Branch8: 0.00000000 %
	Branch9: 0.00000000 %
	Branch10: 0.00000000 %
	Branch11: 0.00000000 %
	Branch12: 0.00000000 %
	Seed: 0x9674398b
	Pitch: -0.20200908
	Cloned: true
	Genome: {
		env_time: 0.73670918,
		env_loop: 0.03548898,
		env_tilt: 0.71206903,
		vol_atk: 0.23116356,
		vol_dcy: 0.92127687,
		vol_sus: 0.33038968,
		mod_atk: 0.91205269,
		mod_dcy: 0.94771147,
		mod_sh: 0.61590868,
		mod_vel: 0.50000000,
		lfo_rate: 0.77751613,
		lfo_amt: 0.32823002,
		lfo_bal: 0.85101062,
		a_form: 0.65372849,
		a_noise: 0.39100456,
		a_color: 0.67967379,
		a_freq: 0.20033485,
		a_mod: 0.56091964,
		b_form: 0.09347600,
		b_noise: 0.75007117,
		b_freq: 0.76589537,
		b_mod: 0.43918431,
		b_sh: 0.74280304,
		fm_amt: 0.71937639,
		fm_mod: 0.29947650,
		sub_am: 0.97054201,
		balance: 0.47913289,
		flt_freq: 0.71503645,
		flt_mod: 0.76956749,
		flt_sep: 0.53979832,
		flt_q: 0.04969287,
		flt_kf: 0.75000000,
		fx_mix: 0.98134065,
		fx_len: 0.55416763,
		fx_damp: 0.11582756,
		fx_chors: 0.73021340,
		fx_size: 0.31839460
	}
}
