SynplantPatch: {
	Version: 10
	Implementation: 10
	Name: "AZ Frayed Strings"
	ModWheel: 0.00000000 %
	Rotation: 0.00000000 degrees
	Tuning: +9.35153961 ct 
	Atonality: 19.86449063 %
	Effect: 0.00000000 %
	Release: 928.70312602 ms 
	WheelScale: 12.19512224 %
	VelSens: 50.00000000 %
	Volume: 3.39850003 dB
	Branch1: 0.00000000 %
	Branch2: 0.00000000 %
	Branch3: 0.00000000 %
	Branch4: 0.00000000 %
	Branch5: 0.00000000 %
	Branch6: 0.00000000 %
	Branch7: 0.00000000 %
	Branch8: 0.00000000 %
	Branch9: 0.00000000 %
	Branch10: 0.00000000 %
	Branch11: 0.00000000 %
	Branch12: 0.00000000 %
	Seed: 0x7f965704
	Pitch: -0.00000024
	Cloned: false
	Genome: {
		env_time: 0.83718151,
		env_loop: 0.99634236,
		env_tilt: 0.73777676,
		vol_atk: 0.89101499,
		vol_dcy: 0.86729705,
		vol_sus: 0.82404929,
		mod_atk: 0.96027076,
		mod_dcy: 0.92009526,
		mod_sh: 0.79542685,
		mod_vel: 0.12934953,
		lfo_rate: 0.60199445,
		lfo_amt: 0.25981110,
		lfo_bal: 0.51706320,
		a_form: 0.55050564,
		a_noise: 0.16934109,
		a_color: 0.13069522,
		a_freq: 0.33333337,
		a_mod: 0.45201415,
		b_form: 0.40821397,
		b_noise: 0.10943711,
		b_freq: 0.78812706,
		b_mod: 0.48102075,
		b_sh: 0.65605682,
		fm_amt: 0.12014532,
		fm_mod: 0.91400927,
		sub_am: 0.81734776,
		balance: 0.37616551,
		flt_freq: 0.55972624,
		flt_mod: 0.48337013,
		flt_sep: 0.65278244,
		flt_q: 0.52607167,
		flt_kf: 0.59010434,
		fx_mix: 0.29293078,
		fx_len: 0.86174691,
		fx_damp: 0.24503964,
		fx_chors: 0.38031292,
		fx_size: 0.86266720
	}
}
