SynplantPatch: {
	Version: 10
	Implementation: 10
	Name: "AZ Strung Up"
	ModWheel: 74.80314970 %
	Rotation: 0.00000000 degrees
	Tuning: -39.14909363 ct 
	Atonality: 7.26797134 %
	Effect: -4.13978696 %
	Release: 1.45992989 s 
	WheelScale: 100.00000000 %
	VelSens: 50.00000000 %
	Volume: 0.00000000 dB
	Branch1: 35.83223522 %
	Branch2: 38.30184340 %
	Branch3: 38.13408017 %
	Branch4: 40.71122110 %
	Branch5: 38.91069889 %
	Branch6: 42.39133000 %
	Branch7: 38.37805390 %
	Branch8: 36.87904477 %
	Branch9: 38.25609684 %
	Branch10: 40.77146053 %
	Branch11: 36.57569885 %
	Branch12: 40.79180658 %
	Seed: 0xa1d0b344
	Pitch: 0.00000000
	Cloned: true
	Genome: {
		env_time: 0.77039671,
		env_loop: 0.53943068,
		env_tilt: 0.80046445,
		vol_atk: 0.31368804,
		vol_dcy: 0.34506434,
		vol_sus: 0.29070842,
		mod_atk: 0.64641118,
		mod_dcy: 0.00629479,
		mod_sh: 0.19903389,
		mod_vel: 0.99481201,
		lfo_rate: 0.52885902,
		lfo_amt: 0.58014631,
		lfo_bal: 0.47038573,
		a_form: 0.83710241,
		a_noise: 0.38772479,
		a_color: 0.53635645,
		a_freq: 0.33979145,
		a_mod: 0.55101132,
		b_form: 0.35946995,
		b_noise: 0.94855064,
		b_freq: 0.38582453,
		b_mod: 0.42373565,
		b_sh: 0.43047240,
		fm_amt: 0.64152151,
		fm_mod: 0.21152672,
		sub_am: 0.10777828,
		balance: 0.46362966,
		flt_freq: 0.64775705,
		flt_mod: 0.63447338,
		flt_sep: 0.05013883,
		flt_q: 0.57815278,
		flt_kf: 0.43816704,
		fx_mix: 0.65594685,
		fx_len: 0.27870202,
		fx_damp: 0.44572312,
		fx_chors: 0.54441160,
		fx_size: 0.64383006
	}
}
