SynplantPatch: {
	Version: 10
	Implementation: 4
	Name: "EE Fultish"
	ModWheel: 0.00000000 %
	Rotation: 0.00000000 degrees
	Tuning: +12.00000000 sm 
	Atonality: 0.00000000 %
	Effect: 85.73048115 %
	Release: 10.79897755 s 
	WheelScale: 93.90243888 %
	VelSens: 50.00000000 %
	Volume: -7.35463658 dB
	Branch1: 0.00000000 %
	Branch2: 0.00000000 %
	Branch3: 0.00000000 %
	Branch4: 0.00000000 %
	Branch5: 0.00000000 %
	Branch6: 0.00000000 %
	Branch7: 0.00000000 %
	Branch8: 0.00000000 %
	Branch9: 0.00000000 %
	Branch10: 0.00000000 %
	Branch11: 0.00000000 %
	Branch12: 0.00000000 %
	Seed: 0x024c472c
	Pitch: -0.00000179
	Cloned: false
	Genome: {
		env_time: 0.64322537,
		env_loop: 0.63200116,
		env_tilt: 0.59810114,
		vol_atk: 0.29345945,
		vol_dcy: 0.99956638,
		vol_sus: 0.91197640,
		mod_atk: 0.09563518,
		mod_dcy: 0.99282730,
		mod_sh: 0.39134097,
		mod_vel: 0.50000000,
		lfo_rate: 0.26327705,
		lfo_amt: 0.40858960,
		lfo_bal: 0.01782441,
		a_form: 0.65288973,
		a_noise: 0.93271607,
		a_color: 0.71698183,
		a_freq: 0.50000030,
		a_mod: 0.50082016,
		b_form: 0.17210984,
		b_noise: 0.71875471,
		b_freq: 0.67438394,
		b_mod: 0.50082016,
		b_sh: 0.71085972,
		fm_amt: 0.13656783,
		fm_mod: 0.76542985,
		sub_am: 0.29846227,
		balance: 0.85247588,
		flt_freq: 0.14738047,
		flt_mod: 0.17800987,
		flt_sep: 0.42754316,
		flt_q: 0.33008084,
		flt_kf: 0.75893497,
		fx_mix: 0.43722302,
		fx_len: 0.40245667,
		fx_damp: 1.00000000,
		fx_chors: 0.36974436,
		fx_size: 0.35494933
	}
}
