SynplantPatch: {
	Version: 10
	Implementation: 5
	Name: "EE Narrow Bass"
	ModWheel: 0.00000000 %
	Rotation: 0.00000000 degrees
	Tuning: +0.00000000 ct 
	Atonality: 0.00000000 %
	Effect: -100.00000000 %
	Release: 160.04295836 ms 
	WheelScale: 41.46341383 %
	VelSens: 50.00000000 %
	Volume: 0.00000000 dB
	Branch1: 0.00000000 %
	Branch2: 0.00000000 %
	Branch3: 0.00000000 %
	Branch4: 0.00000000 %
	Branch5: 0.00000000 %
	Branch6: 0.00000000 %
	Branch7: 0.00000000 %
	Branch8: 0.00000000 %
	Branch9: 0.00000000 %
	Branch10: 0.00000000 %
	Branch11: 0.00000000 %
	Branch12: 0.00000000 %
	Seed: 0xa8684c09
	Pitch: 0.00247788
	Cloned: false
	Genome: {
		env_time: 0.68397719,
		env_loop: 0.70886749,
		env_tilt: 0.24214914,
		vol_atk: 0.89514440,
		vol_dcy: 0.70853728,
		vol_sus: 0.95951241,
		mod_atk: 0.60034525,
		mod_dcy: 0.02570248,
		mod_sh: 0.11015272,
		mod_vel: 0.50000000,
		lfo_rate: 0.59487343,
		lfo_amt: 0.80886376,
		lfo_bal: 0.34324875,
		a_form: 0.37319207,
		a_noise: 0.16544056,
		a_color: 0.80497539,
		a_freq: 0.16625369,
		a_mod: 0.57903039,
		b_form: 0.97551429,
		b_noise: 0.02363145,
		b_freq: 0.60661799,
		b_mod: 0.50183278,
		b_sh: 0.07345808,
		fm_amt: 0.49831653,
		fm_mod: 0.21537650,
		sub_am: 0.41203439,
		balance: 0.69385999,
		flt_freq: 0.09201621,
		flt_mod: 0.91079849,
		flt_sep: 0.98051965,
		flt_q: 0.54707664,
		flt_kf: 0.99339300,
		fx_mix: 0.07082295,
		fx_len: 0.48938930,
		fx_damp: 0.89517027,
		fx_chors: 0.18803203,
		fx_size: 0.35494933
	}
}
