SynplantPatch: {
	Version: 10
	Implementation: 5
	Name: "ME Nasty Bass"
	ModWheel: 0.00000000 %
	Rotation: 0.00000000 degrees
	Tuning: +0.00000000 ct 
	Atonality: 0.00000000 %
	Effect: -90.73693454 %
	Release: 50.00000000 ms 
	WheelScale: 81.70731068 %
	VelSens: 0.00000000 %
	Volume: 0.00000000 dB
	Branch1: 2.36220472 %
	Branch2: 2.36220472 %
	Branch3: 2.36220472 %
	Branch4: 2.36220472 %
	Branch5: 2.36220472 %
	Branch6: 2.36220472 %
	Branch7: 2.36220472 %
	Branch8: 2.36220472 %
	Branch9: 2.36220472 %
	Branch10: 2.36220472 %
	Branch11: 2.36220472 %
	Branch12: 2.36220472 %
	Seed: 0x88d0c806
	Pitch: 1.50115919
	Cloned: true
	Genome: {
		env_time: 0.81581980,
		env_loop: 0.69129467,
		env_tilt: 0.20622694,
		vol_atk: 0.64806533,
		vol_dcy: 0.91281140,
		vol_sus: 0.96496195,
		mod_atk: 0.08011252,
		mod_dcy: 0.59362078,
		mod_sh: 0.09882712,
		mod_vel: 0.50000000,
		lfo_rate: 0.45553493,
		lfo_amt: 0.09816265,
		lfo_bal: 0.67774045,
		a_form: 0.77818680,
		a_noise: 0.67202979,
		a_color: 0.79425156,
		a_freq: 0.08314013,
		a_mod: 0.50005215,
		b_form: 0.08864488,
		b_noise: 0.00000000,
		b_freq: 0.50890869,
		b_mod: 0.53868514,
		b_sh: 0.42903811,
		fm_amt: 0.65272248,
		fm_mod: 0.32537264,
		sub_am: 0.90292543,
		balance: 0.63563389,
		flt_freq: 0.39468634,
		flt_mod: 0.41590285,
		flt_sep: 0.88295287,
		flt_q: 0.32512790,
		flt_kf: 0.00000000,
		fx_mix: 1.00000000,
		fx_len: 0.53518242,
		fx_damp: 0.46799445,
		fx_chors: 0.08239853,
		fx_size: 0.35494933
	}
}
