SynplantPatch: {
	Version: 10
	Implementation: 10
	Name: "RL FM Saturated"
	ModWheel: 0.00000000 %
	Rotation: 0.00000000 degrees
	Tuning: +12.00000000 sm 
	Atonality: 0.00000000 %
	Effect: 70.96042633 %
	Release: 3.02532291 s 
	WheelScale: 31.70731664 %
	VelSens: 50.00000000 %
	Volume: -3.85290156 dB
	Branch1: 0.00000000 %
	Branch2: 0.00000000 %
	Branch3: 0.00000000 %
	Branch4: 0.00000000 %
	Branch5: 0.00000000 %
	Branch6: 0.00000000 %
	Branch7: 0.00000000 %
	Branch8: 0.00000000 %
	Branch9: 0.00000000 %
	Branch10: 0.00000000 %
	Branch11: 0.00000000 %
	Branch12: 0.00000000 %
	Seed: 0xe0722d6b
	Pitch: 0.00000000
	Cloned: false
	Genome: {
		env_time: 1.00000000,
		env_loop: 1.00000000,
		env_tilt: 0.57697564,
		vol_atk: 0.21313609,
		vol_dcy: 0.00000000,
		vol_sus: 0.00000000,
		mod_atk: 1.00000000,
		mod_dcy: 0.65232527,
		mod_sh: 0.47971678,
		mod_vel: 0.51879549,
		lfo_rate: 0.33401740,
		lfo_amt: 0.29342264,
		lfo_bal: 0.64081520,
		a_form: 0.34414062,
		a_noise: 0.25022072,
		a_color: 0.99315745,
		a_freq: 0.50000000,
		a_mod: 0.50000000,
		b_form: 0.28167424,
		b_noise: 0.78349215,
		b_freq: 0.50149715,
		b_mod: 0.50000000,
		b_sh: 0.04338157,
		fm_amt: 0.64738107,
		fm_mod: 0.33759093,
		sub_am: 0.79879242,
		balance: 0.71958566,
		flt_freq: 0.85794455,
		flt_mod: 0.47684833,
		flt_sep: 0.17509192,
		flt_q: 0.11093709,
		flt_kf: 0.87316352,
		fx_mix: 0.24090558,
		fx_len: 0.51095784,
		fx_damp: 0.94734222,
		fx_chors: 0.37000820,
		fx_size: 0.13972545
	}
}
