SynplantPatch: {
	Version: 10
	Implementation: 10
	Name: "RL Soft Melodica"
	ModWheel: 0.00000000 %
	Rotation: 0.00000000 degrees
	Tuning: +0.00000000 ct 
	Atonality: 0.00000000 %
	Effect: -23.46598506 %
	Release: 6.02464878 s 
	WheelScale: 52.43902206 %
	VelSens: 50.00000000 %
	Volume: 0.00000000 dB
	Branch1: 0.00000000 %
	Branch2: 0.00000000 %
	Branch3: 0.00000000 %
	Branch4: 0.00000000 %
	Branch5: 0.00000000 %
	Branch6: 0.00000000 %
	Branch7: 0.00000000 %
	Branch8: 0.00000000 %
	Branch9: 0.00000000 %
	Branch10: 0.00000000 %
	Branch11: 0.00000000 %
	Branch12: 0.00000000 %
	Seed: 0x1cb1568f
	Pitch: -0.00000024
	Cloned: false
	Genome: {
		env_time: 0.65264475,
		env_loop: 0.21277201,
		env_tilt: 0.69085199,
		vol_atk: 0.53810847,
		vol_dcy: 0.26170272,
		vol_sus: 0.61639106,
		mod_atk: 0.51332080,
		mod_dcy: 0.92304897,
		mod_sh: 0.34524608,
		mod_vel: 0.68661672,
		lfo_rate: 0.98079967,
		lfo_amt: 0.32042080,
		lfo_bal: 0.80713058,
		a_form: 0.36897683,
		a_noise: 0.25295722,
		a_color: 0.62297946,
		a_freq: 0.50000000,
		a_mod: 0.50000000,
		b_form: 0.28217638,
		b_noise: 0.37595201,
		b_freq: 0.50000000,
		b_mod: 0.50000000,
		b_sh: 0.57829344,
		fm_amt: 0.57605588,
		fm_mod: 0.24493611,
		sub_am: 0.72292101,
		balance: 0.53911126,
		flt_freq: 0.30264258,
		flt_mod: 0.32085472,
		flt_sep: 0.34662759,
		flt_q: 0.59609753,
		flt_kf: 0.45447356,
		fx_mix: 0.77893746,
		fx_len: 0.09293169,
		fx_damp: 0.31265023,
		fx_chors: 0.69944394,
		fx_size: 0.29121768
	}
}
