SynplantPatch: {
	Version: 10
	Implementation: 10
	Name: "NE Bello Sus Tenuto"
	ModWheel: 0.00000000 %
	Rotation: 0.00000000 degrees
	Tuning: +0.00000000 ct 
	Atonality: 0.00000000 %
	Effect: 47.73455858 %
	Release: 1.64987213 s 
	WheelScale: 62.19512224 %
	VelSens: 50.00000000 %
	Volume: 0.00000000 dB
	Branch1: 0.00000000 %
	Branch2: 0.00000000 %
	Branch3: 0.00000000 %
	Branch4: 0.00000000 %
	Branch5: 0.00000000 %
	Branch6: 0.00000000 %
	Branch7: 0.00000000 %
	Branch8: 0.00000000 %
	Branch9: 0.00000000 %
	Branch10: 0.00000000 %
	Branch11: 0.00000000 %
	Branch12: 0.00000000 %
	Seed: 0x689eb9bb
	Pitch: 0.00000000
	Cloned: false
	Genome: {
		env_time: 0.05788953,
		env_loop: 0.10394820,
		env_tilt: 0.22279227,
		vol_atk: 0.50449628,
		vol_dcy: 0.44993418,
		vol_sus: 0.90297580,
		mod_atk: 0.49606407,
		mod_dcy: 0.12777852,
		mod_sh: 0.20353106,
		mod_vel: 0.21216807,
		lfo_rate: 0.98618788,
		lfo_amt: 0.17027311,
		lfo_bal: 0.17376281,
		a_form: 0.23233408,
		a_noise: 0.79765922,
		a_color: 0.20583425,
		a_freq: 0.50000000,
		a_mod: 0.47824031,
		b_form: 0.79030484,
		b_noise: 0.50439030,
		b_freq: 0.75482976,
		b_mod: 0.52387327,
		b_sh: 0.21560322,
		fm_amt: 0.37203392,
		fm_mod: 0.42843613,
		sub_am: 0.74928582,
		balance: 0.59793365,
		flt_freq: 0.75847667,
		flt_mod: 0.59117681,
		flt_sep: 0.76289546,
		flt_q: 0.68316907,
		flt_kf: 0.09605072,
		fx_mix: 0.56750220,
		fx_len: 0.09235480,
		fx_damp: 0.04638578,
		fx_chors: 0.24025606,
		fx_size: 0.45001233
	}
}
