SynplantPatch: {
	Version: 10
	Implementation: 10
	Name: "NE Corroded Lead"
	ModWheel: 0.00000000 %
	Rotation: 0.00000000 degrees
	Tuning: +12.00000000 sm 
	Atonality: 0.00000000 %
	Effect: -43.55642200 %
	Release: 279.54478529 ms 
	WheelScale: 100.00000000 %
	VelSens: 50.00000000 %
	Volume: 0.00000000 dB
	Branch1: 24.65376854 %
	Branch2: 24.65376854 %
	Branch3: 24.65376854 %
	Branch4: 24.65376854 %
	Branch5: 24.65376854 %
	Branch6: 24.65376854 %
	Branch7: 24.65376854 %
	Branch8: 24.65376854 %
	Branch9: 24.65376854 %
	Branch10: 24.65376854 %
	Branch11: 24.65376854 %
	Branch12: 24.65376854 %
	Seed: 0xa8eeb233
	Pitch: -0.00000012
	Cloned: true
	Genome: {
		env_time: 0.59475327,
		env_loop: 0.96114343,
		env_tilt: 0.11892980,
		vol_atk: 0.60864943,
		vol_dcy: 0.30420089,
		vol_sus: 0.84317458,
		mod_atk: 0.25164562,
		mod_dcy: 0.55151010,
		mod_sh: 0.00080204,
		mod_vel: 0.44835180,
		lfo_rate: 0.78893113,
		lfo_amt: 0.85850930,
		lfo_bal: 0.64083683,
		a_form: 0.61349463,
		a_noise: 0.33073330,
		a_color: 0.32649511,
		a_freq: 0.16666669,
		a_mod: 0.48745489,
		b_form: 0.02055514,
		b_noise: 0.00431132,
		b_freq: 0.66239572,
		b_mod: 0.49143726,
		b_sh: 0.44241965,
		fm_amt: 0.81633818,
		fm_mod: 0.04866993,
		sub_am: 0.34586227,
		balance: 0.28745311,
		flt_freq: 0.90196103,
		flt_mod: 0.67514187,
		flt_sep: 0.54153192,
		flt_q: 0.58008289,
		flt_kf: 0.06226468,
		fx_mix: 0.80030912,
		fx_len: 0.48718441,
		fx_damp: 0.17985165,
		fx_chors: 0.86715436,
		fx_size: 0.42673483
	}
}
