SynplantPatch: {
	Version: 10
	Implementation: 2
	Name: "NE Kee Pad"
	ModWheel: 0.00000000 %
	Rotation: 0.00000000 degrees
	Tuning: +0.00000000 ct 
	Atonality: 31.00000024 %
	Effect: 0.00000000 %
	Release: 3.10399964 s 
	WheelScale: 100.00000000 %
	VelSens: 50.00000000 %
	Volume: 0.06000079 dB
	Branch1: 0.00000000 %
	Branch2: 0.00000000 %
	Branch3: 0.00000000 %
	Branch4: 0.00000000 %
	Branch5: 0.00000000 %
	Branch6: 0.00000000 %
	Branch7: 0.00000000 %
	Branch8: 0.00000000 %
	Branch9: 0.00000000 %
	Branch10: 0.00000000 %
	Branch11: 0.00000000 %
	Branch12: 0.00000000 %
	Seed: 0x9c149eca
	Pitch: 1.86357975
	Cloned: true
	Genome: {
		env_time: 0.85374159,
		env_loop: 0.46173882,
		env_tilt: 0.27246016,
		vol_atk: 0.85016108,
		vol_dcy: 0.56086260,
		vol_sus: 0.06744462,
		mod_atk: 0.32685465,
		mod_dcy: 0.28965175,
		mod_sh: 0.54758704,
		mod_vel: 0.50000000,
		lfo_rate: 0.60378951,
		lfo_amt: 0.50483263,
		lfo_bal: 0.62226164,
		a_form: 0.53905684,
		a_noise: 0.72754180,
		a_color: 0.35248351,
		a_freq: 0.35607004,
		a_mod: 0.47012761,
		b_form: 0.20595610,
		b_noise: 0.17798889,
		b_freq: 0.76419336,
		b_mod: 0.54163474,
		b_sh: 0.85060567,
		fm_amt: 0.57023138,
		fm_mod: 0.81858414,
		sub_am: 0.25000000,
		balance: 0.37183362,
		flt_freq: 0.64732945,
		flt_mod: 0.55271173,
		flt_sep: 0.19720012,
		flt_q: 0.33673483,
		flt_kf: 0.75000000,
		fx_mix: 0.60922408,
		fx_len: 0.83745581,
		fx_damp: 0.72351408,
		fx_chors: 0.25000000,
		fx_size: 0.35125244
	}
}
