SynplantPatch: {
	Version: 10
	Implementation: 10
	Name: "NE Pulse Fryer"
	ModWheel: 0.00000000 %
	Rotation: 0.00000000 degrees
	Tuning: +12.00000000 sm 
	Atonality: 0.00000000 %
	Effect: -57.38406479 %
	Release: 50.00000000 ms 
	WheelScale: 64.63414431 %
	VelSens: 0.00000000 %
	Volume: -1.44299611 dB
	Branch1: 0.00000000 %
	Branch2: 0.00000000 %
	Branch3: 0.00000000 %
	Branch4: 0.00000000 %
	Branch5: 0.00000000 %
	Branch6: 0.00000000 %
	Branch7: 0.00000000 %
	Branch8: 0.00000000 %
	Branch9: 0.00000000 %
	Branch10: 0.00000000 %
	Branch11: 0.00000000 %
	Branch12: 0.00000000 %
	Seed: 0xe683d3f9
	Pitch: 0.96481228
	Cloned: true
	Genome: {
		env_time: 0.12472874,
		env_loop: 0.16397852,
		env_tilt: 0.38120383,
		vol_atk: 0.29805958,
		vol_dcy: 0.35983264,
		vol_sus: 0.93876207,
		mod_atk: 0.96371567,
		mod_dcy: 0.37273872,
		mod_sh: 0.35423779,
		mod_vel: 0.50000000,
		lfo_rate: 0.48571944,
		lfo_amt: 0.18295324,
		lfo_bal: 0.77465248,
		a_form: 0.80592006,
		a_noise: 0.62457424,
		a_color: 0.29849052,
		a_freq: 0.00586462,
		a_mod: 0.84424412,
		b_form: 0.73933160,
		b_noise: 0.44098580,
		b_freq: 0.52197725,
		b_mod: 0.52119803,
		b_sh: 0.01935101,
		fm_amt: 0.32735187,
		fm_mod: 0.67947328,
		sub_am: 0.25000000,
		balance: 0.87876505,
		flt_freq: 0.90876138,
		flt_mod: 0.00000000,
		flt_sep: 0.50005752,
		flt_q: 0.17362177,
		flt_kf: 0.75000000,
		fx_mix: 0.79749590,
		fx_len: 0.32461238,
		fx_damp: 0.46745175,
		fx_chors: 0.25000000,
		fx_size: 0.43245342
	}
}
