SynplantPatch: {
	Version: 10
	Implementation: 1
	Name: "NE Starkey Xpress"
	ModWheel: 0.00000000 %
	Rotation: 0.00000000 degrees
	Tuning: +0.00000000 ct 
	Atonality: 2.99999993 %
	Effect: 0.00000000 %
	Release: 2.75100008 s 
	WheelScale: 100.00000000 %
	VelSens: 50.00000000 %
	Volume: 3.98674614 dB
	Branch1: 0.83350120 %
	Branch2: 0.83350120 %
	Branch3: 0.83350120 %
	Branch4: 0.83350120 %
	Branch5: 0.83350120 %
	Branch6: 0.83350120 %
	Branch7: 0.83350120 %
	Branch8: 0.83350120 %
	Branch9: 0.83350120 %
	Branch10: 0.83350120 %
	Branch11: 0.83350120 %
	Branch12: 0.83350120 %
	Seed: 0x2a76d59e
	Pitch: -0.33921289
	Cloned: true
	Genome: {
		env_time: 0.42233843,
		env_loop: 0.85570711,
		env_tilt: 0.13942873,
		vol_atk: 0.10377276,
		vol_dcy: 0.67548567,
		vol_sus: 0.31113762,
		mod_atk: 0.41394925,
		mod_dcy: 0.35535806,
		mod_sh: 0.20600247,
		mod_vel: 0.50000000,
		lfo_rate: 0.59794664,
		lfo_amt: 0.71882588,
		lfo_bal: 0.23455840,
		a_form: 0.09759676,
		a_noise: 0.23439074,
		a_color: 0.81174517,
		a_freq: 0.72320217,
		a_mod: 0.47060379,
		b_form: 0.17379189,
		b_noise: 0.74427366,
		b_freq: 0.72024977,
		b_mod: 0.29175085,
		b_sh: 0.13239419,
		fm_amt: 0.65126646,
		fm_mod: 0.34254849,
		sub_am: 0.25000000,
		balance: 0.09841967,
		flt_freq: 0.52840596,
		flt_mod: 0.98171282,
		flt_sep: 0.39410084,
		flt_q: 0.35429180,
		flt_kf: 0.75000000,
		fx_mix: 0.64684653,
		fx_len: 0.86258394,
		fx_damp: 0.31008184,
		fx_chors: 0.25000000,
		fx_size: 0.49827227
	}
}
