SynplantPatch: {
	Version: 10
	Implementation: 10
	Name: "NE Tremolluscs"
	ModWheel: 96.06299400 %
	Rotation: 0.00000000 degrees
	Tuning: +0.00000000 ct 
	Atonality: 27.72834897 %
	Effect: -100.00000000 %
	Release: 5.01079889 s 
	WheelScale: 100.00000000 %
	VelSens: 50.00000000 %
	Volume: 2.63789262 dB
	Branch1: 0.00000000 %
	Branch2: 0.00000000 %
	Branch3: 0.00000000 %
	Branch4: 0.00000000 %
	Branch5: 0.00000000 %
	Branch6: 0.00000000 %
	Branch7: 0.00000000 %
	Branch8: 0.00000000 %
	Branch9: 0.00000000 %
	Branch10: 0.00000000 %
	Branch11: 0.00000000 %
	Branch12: 0.00000000 %
	Seed: 0xa00a76cf
	Pitch: 0.00000000
	Cloned: true
	Genome: {
		env_time: 0.64485216,
		env_loop: 0.06289101,
		env_tilt: 0.23869559,
		vol_atk: 0.07095766,
		vol_dcy: 0.53283626,
		vol_sus: 0.67787063,
		mod_atk: 0.58543038,
		mod_dcy: 0.12659606,
		mod_sh: 0.31990644,
		mod_vel: 0.98468524,
		lfo_rate: 0.43624681,
		lfo_amt: 0.88903868,
		lfo_bal: 0.26960003,
		a_form: 0.71178114,
		a_noise: 0.06044513,
		a_color: 0.74667805,
		a_freq: 0.66666669,
		a_mod: 0.55361384,
		b_form: 0.64186436,
		b_noise: 0.74137807,
		b_freq: 0.64084178,
		b_mod: 0.53289551,
		b_sh: 0.77733922,
		fm_amt: 0.41265351,
		fm_mod: 0.84323967,
		sub_am: 0.29958057,
		balance: 0.70362973,
		flt_freq: 0.55770308,
		flt_mod: 0.30456758,
		flt_sep: 0.31465223,
		flt_q: 0.49776536,
		flt_kf: 0.23138773,
		fx_mix: 0.66595060,
		fx_len: 0.68600595,
		fx_damp: 0.47384667,
		fx_chors: 0.44614592,
		fx_size: 0.35157248
	}
}
