SynplantPatch: {
	Version: 10
	Implementation: 10
	Name: "TH WingsKey"
	ModWheel: 0.00000000 %
	Rotation: 0.00000000 degrees
	Tuning: +0.00000000 ct 
	Atonality: 47.99999893 %
	Effect: -63.30449879 %
	Release: 2.14780869 s 
	WheelScale: 100.00000000 %
	VelSens: 0.00000000 %
	Volume: -5.55067993 dB
	Branch1: 0.00000000 %
	Branch2: 0.00000000 %
	Branch3: 0.00000000 %
	Branch4: 0.00000000 %
	Branch5: 0.00000000 %
	Branch6: 0.00000000 %
	Branch7: 0.00000000 %
	Branch8: 0.00000000 %
	Branch9: 0.00000000 %
	Branch10: 0.00000000 %
	Branch11: 0.00000000 %
	Branch12: 0.00000000 %
	Seed: 0xd4626c3b
	Pitch: 0.00000000
	Cloned: false
	Genome: {
		env_time: 0.61532545,
		env_loop: 0.30023232,
		env_tilt: 0.56049991,
		vol_atk: 0.16928588,
		vol_dcy: 0.93373144,
		vol_sus: 0.81465483,
		mod_atk: 0.45833683,
		mod_dcy: 0.07721066,
		mod_sh: 0.11899161,
		mod_vel: 0.76106369,
		lfo_rate: 0.60867107,
		lfo_amt: 0.04599464,
		lfo_bal: 0.23765922,
		a_form: 0.10764968,
		a_noise: 0.00536454,
		a_color: 0.32193100,
		a_freq: 0.50000000,
		a_mod: 0.71886110,
		b_form: 0.87394226,
		b_noise: 0.47091252,
		b_freq: 0.65224105,
		b_mod: 0.46268940,
		b_sh: 0.16408944,
		fm_amt: 0.35923195,
		fm_mod: 0.53829515,
		sub_am: 0.66425896,
		balance: 0.68914145,
		flt_freq: 0.18617755,
		flt_mod: 0.93382359,
		flt_sep: 0.38714933,
		flt_q: 0.59789419,
		flt_kf: 0.79492062,
		fx_mix: 0.60090405,
		fx_len: 0.41357806,
		fx_damp: 0.76818848,
		fx_chors: 0.75410110,
		fx_size: 0.34855977
	}
}
