SynplantPatch: {
	Version: 10
	Implementation: 10
	Name: "hibellA v1"
	ModWheel: 0.00000000 %
	Rotation: 0.00000000 degrees
	Tuning: +0.00000000 ct 
	Atonality: 50.00000000 %
	Effect: 0.00000000 %
	Release: 2.52244365 s 
	WheelScale: 57.49999881 %
	VelSens: 50.00000000 %
	Volume: -5.55067993 dB
	Branch1: 54.33195233 %
	Branch2: 54.33195233 %
	Branch3: 54.33195233 %
	Branch4: 54.33195233 %
	Branch5: 54.33195233 %
	Branch6: 54.33195233 %
	Branch7: 54.33195233 %
	Branch8: 54.33195233 %
	Branch9: 54.33195233 %
	Branch10: 54.33195233 %
	Branch11: 54.33195233 %
	Branch12: 54.33195233 %
	Seed: 0x30a32ceb
	Pitch: -0.00058651
	Cloned: true
	Genome: {
		env_time: 0.36999285
		env_loop: 0.65729249
		env_tilt: 0.07011938
		vol_atk: 0.68012553
		vol_dcy: 0.65810871
		vol_sus: 0.78255212
		mod_atk: 0.61107427
		mod_dcy: 0.16081055
		mod_sh: 0.96477675
		mod_vel: 0.19880736
		lfo_rate: 0.87498957
		lfo_amt: 0.47490299
		lfo_bal: 0.65281749
		a_form: 0.73841429
		a_noise: 0.39101100
		a_color: 0.18338948
		a_freq: 0.66676438
		a_mod: 0.39798331
		b_form: 0.66876888
		b_noise: 0.26641977
		b_freq: 0.88332820
		b_mod: 0.60474503
		b_sh: 0.16723251
		fm_amt: 0.53603929
		fm_mod: 0.82894832
		sub_am: 0.47440016
		balance: 0.46621311
		flt_freq: 0.60778797
		flt_mod: 0.58223623
		flt_sep: 0.81220901
		flt_q: 0.94376159
		flt_kf: 0.94256854
		fx_mix: 0.58396447
		fx_len: 0.74436098
		fx_damp: 0.08747005
		fx_chors: 0.73816830
		fx_size: 0.79553783
	}
}
