SynplantPatch: {
	Version: 10
	Implementation: 10
	Name: "repetitoor V1"
	ModWheel: 0.00000000 %
	Rotation: 0.00000000 degrees
	Tuning: +0.00000000 ct 
	Atonality: 50.00000000 %
	Effect: 0.00000000 %
	Release: 2.87120461 s 
	WheelScale: 46.25000060 %
	VelSens: 50.00000000 %
	Volume: 3.84087058 dB
	Branch1: 13.41216415 %
	Branch2: 13.41216415 %
	Branch3: 13.41216415 %
	Branch4: 13.41216415 %
	Branch5: 13.41216415 %
	Branch6: 13.41216415 %
	Branch7: 13.41216415 %
	Branch8: 13.41216415 %
	Branch9: 13.41216415 %
	Branch10: 13.41216415 %
	Branch11: 13.41216415 %
	Branch12: 13.41216415 %
	Seed: 0x2ac9d2f8
	Pitch: 0.00396609
	Cloned: true
	Genome: {
		env_time: 0.81455702
		env_loop: 0.34073770
		env_tilt: 0.78529888
		vol_atk: 1.00000000
		vol_dcy: 0.26689982
		vol_sus: 0.09148420
		mod_atk: 1.00000000
		mod_dcy: 0.33423495
		mod_sh: 0.30293500
		mod_vel: 0.00000000
		lfo_rate: 0.38367891
		lfo_amt: 0.44494057
		lfo_bal: 0.43703306
		a_form: 0.41409045
		a_noise: 0.81620407
		a_color: 0.64286482
		a_freq: 0.49933898
		a_mod: 0.43649143
		b_form: 0.82358998
		b_noise: 0.38896656
		b_freq: 0.67294866
		b_mod: 0.53510886
		b_sh: 0.38242745
		fm_amt: 0.80736649
		fm_mod: 0.36618996
		sub_am: 0.07165778
		balance: 0.64990854
		flt_freq: 0.27850634
		flt_mod: 0.82148552
		flt_sep: 0.01027465
		flt_q: 0.32831866
		flt_kf: 1.00000000
		fx_mix: 0.11016977
		fx_len: 0.34377873
		fx_damp: 0.64267576
		fx_chors: 0.49813116
		fx_size: 0.72594017
	}
}
