SynplantPatch: {
	Version: 10
	Implementation: 2
	Name: "watershed v1"
	ModWheel: 0.00000000 %
	Rotation: 0.00000000 degrees
	Tuning: +0.00000000 ct 
	Atonality: 50.00000000 %
	Effect: 0.00000000 %
	Release: 7.60614826 s 
	WheelScale: 46.25000060 %
	VelSens: 50.00000000 %
	Volume: -15.12347775 dB
	Branch1: 33.36767256 %
	Branch2: 43.57740879 %
	Branch3: 27.23737061 %
	Branch4: 33.72312784 %
	Branch5: 35.69974601 %
	Branch6: 31.37445748 %
	Branch7: 32.79460073 %
	Branch8: 36.19002700 %
	Branch9: 44.77883875 %
	Branch10: 28.54273617 %
	Branch11: 28.54273617 %
	Branch12: 36.14457846 %
	Seed: 0x00000001
	Pitch: 0.00000000
	Cloned: false
	Genome: {
		env_time: 0.82047856
		env_loop: 0.02354881
		env_tilt: 0.10154561
		vol_atk: 0.86922121
		vol_dcy: 0.94699407
		vol_sus: 0.87716746
		mod_atk: 0.81164724
		mod_dcy: 0.19036289
		mod_sh: 0.76342618
		mod_vel: 0.00000000
		lfo_rate: 0.66606754
		lfo_amt: 0.09483969
		lfo_bal: 0.46795091
		a_form: 0.73042375
		a_noise: 0.49124551
		a_color: 0.46457773
		a_freq: 0.43573526
		a_mod: 0.83812016
		b_form: 0.25525314
		b_noise: 0.67082840
		b_freq: 0.78734481
		b_mod: 0.82563478
		b_sh: 0.57173508
		fm_amt: 0.88594335
		fm_mod: 0.10737597
		sub_am: 0.17520112
		balance: 0.17529370
		flt_freq: 0.46147054
		flt_mod: 0.54045308
		flt_sep: 0.90798700
		flt_q: 0.43954989
		flt_kf: 1.00000000
		fx_mix: 0.96317875
		fx_len: 0.66323060
		fx_damp: 0.18552722
		fx_chors: 0.90769958
		fx_size: 0.01764644
	}
}
