SynplantPatch: {
	Version: 10
	Implementation: 5
	Name: "EE Sci Fi"
	ModWheel: 0.00000000 %
	Rotation: 0.00000000 degrees
	Tuning: +0.00000000 ct 
	Atonality: 0.00000000 %
	Effect: -8.06122422 %
	Release: 3.01573661 s 
	WheelScale: 60.97561121 %
	VelSens: 50.00000000 %
	Volume: 2.75007110 dB
	Branch1: 0.00000000 %
	Branch2: 0.00000000 %
	Branch3: 0.00000000 %
	Branch4: 0.00000000 %
	Branch5: 0.00000000 %
	Branch6: 0.00000000 %
	Branch7: 0.00000000 %
	Branch8: 0.00000000 %
	Branch9: 0.00000000 %
	Branch10: 0.00000000 %
	Branch11: 0.00000000 %
	Branch12: 0.00000000 %
	Seed: 0xd24dc952
	Pitch: 0.21959805
	Cloned: false
	Genome: {
		env_time: 0.86232972,
		env_loop: 0.89443660,
		env_tilt: 0.72999793,
		vol_atk: 0.79506093,
		vol_dcy: 0.36035883,
		vol_sus: 0.28445506,
		mod_atk: 0.71328092,
		mod_dcy: 0.69041502,
		mod_sh: 0.29707569,
		mod_vel: 0.50000000,
		lfo_rate: 0.66395628,
		lfo_amt: 0.95591253,
		lfo_bal: 0.42267889,
		a_form: 0.22838509,
		a_noise: 0.78625536,
		a_color: 0.52527034,
		a_freq: 0.63006699,
		a_mod: 0.48923790,
		b_form: 0.87456250,
		b_noise: 0.09977835,
		b_freq: 0.66125208,
		b_mod: 0.52206320,
		b_sh: 0.29830086,
		fm_amt: 0.19411099,
		fm_mod: 0.66021228,
		sub_am: 0.01307070,
		balance: 0.89419138,
		flt_freq: 0.17237830,
		flt_mod: 0.45531785,
		flt_sep: 0.48391747,
		flt_q: 0.01225650,
		flt_kf: 0.05198103,
		fx_mix: 0.90684402,
		fx_len: 0.69040310,
		fx_damp: 0.14536536,
		fx_chors: 0.58194619,
		fx_size: 0.35494933
	}
}
