SynplantPatch: {
	Version: 10
	Implementation: 10
	Name: "eX Light Turns To Dark"
	ModWheel: 0.00000000 %
	Rotation: 0.00000000 degrees
	Tuning: +0.00000000 ct 
	Atonality: 10.56693122 %
	Effect: 73.84874821 %
	Release: 2.90357077 s 
	WheelScale: 58.53658319 %
	VelSens: 50.00000000 %
	Volume: -2.44032740 dB
	Branch1: 40.59828818 %
	Branch2: 40.59828818 %
	Branch3: 40.59828818 %
	Branch4: 40.59828818 %
	Branch5: 40.59828818 %
	Branch6: 40.59828818 %
	Branch7: 40.59828818 %
	Branch8: 40.59828818 %
	Branch9: 40.59828818 %
	Branch10: 40.59828818 %
	Branch11: 40.59828818 %
	Branch12: 40.59828818 %
	Seed: 0xff2fabb0
	Pitch: -0.00000024
	Cloned: true
	Genome: {
		env_time: 0.81753492
		env_loop: 1.00000000
		env_tilt: 0.75299776
		vol_atk: 0.99190956
		vol_dcy: 0.50821000
		vol_sus: 0.42239380
		mod_atk: 0.84008658
		mod_dcy: 0.54588073
		mod_sh: 0.00000000
		mod_vel: 0.51385081
		lfo_rate: 0.23364478
		lfo_amt: 0.06010649
		lfo_bal: 0.29121014
		a_form: 0.57971221
		a_noise: 0.00000000
		a_color: 0.00000000
		a_freq: 0.33333337
		a_mod: 0.50021869
		b_form: 0.40449780
		b_noise: 0.00000000
		b_freq: 0.37107629
		b_mod: 0.50008309
		b_sh: 0.00000000
		fm_amt: 0.49950728
		fm_mod: 0.00000000
		sub_am: 0.00000000
		balance: 0.00000000
		flt_freq: 0.00000000
		flt_mod: 0.00000000
		flt_sep: 0.25109053
		flt_q: 0.48600563
		flt_kf: 1.00000000
		fx_mix: 0.46245494
		fx_len: 0.26571155
		fx_damp: 0.63748085
		fx_chors: 0.89320725
		fx_size: 0.50000000
	}
}
