SynplantPatch: {
	Version: 10
	Implementation: 10
	Name: "NE Ice Haze"
	ModWheel: 0.00000000 %
	Rotation: 0.00000000 degrees
	Tuning: +12.00000000 sm 
	Atonality: 0.00000000 %
	Effect: 77.32863426 %
	Release: 3.01670605 s 
	WheelScale: 100.00000000 %
	VelSens: 50.00000000 %
	Volume: -9.27894342 dB
	Branch1: 67.02243686 %
	Branch2: 67.02243686 %
	Branch3: 67.02243686 %
	Branch4: 67.02243686 %
	Branch5: 67.02243686 %
	Branch6: 67.02243686 %
	Branch7: 67.02243686 %
	Branch8: 67.02243686 %
	Branch9: 67.02243686 %
	Branch10: 67.02243686 %
	Branch11: 67.02243686 %
	Branch12: 67.02243686 %
	Seed: 0xe7d4a9d7
	Pitch: 0.00000000
	Cloned: true
	Genome: {
		env_time: 0.64625269,
		env_loop: 0.72575957,
		env_tilt: 0.93041611,
		vol_atk: 0.37183177,
		vol_dcy: 0.64825773,
		vol_sus: 0.45716915,
		mod_atk: 0.43629971,
		mod_dcy: 0.41224760,
		mod_sh: 0.96045822,
		mod_vel: 0.29329517,
		lfo_rate: 0.76637203,
		lfo_amt: 0.63364911,
		lfo_bal: 0.57838398,
		a_form: 0.46225685,
		a_noise: 0.30156153,
		a_color: 0.15446231,
		a_freq: 0.83333331,
		a_mod: 0.50000000,
		b_form: 0.60064238,
		b_noise: 0.12661123,
		b_freq: 0.41385412,
		b_mod: 0.50000000,
		b_sh: 0.60571223,
		fm_amt: 0.48130545,
		fm_mod: 0.66472858,
		sub_am: 0.71613395,
		balance: 0.27443224,
		flt_freq: 0.36157992,
		flt_mod: 0.43743643,
		flt_sep: 0.19443932,
		flt_q: 0.45502418,
		flt_kf: 0.21125591,
		fx_mix: 0.32279757,
		fx_len: 0.57882845,
		fx_damp: 0.90182167,
		fx_chors: 0.55588681,
		fx_size: 0.26293561
	}
}
