SynplantPatch: {
	Version: 10
	Implementation: 10
	Name: "AZ Gregorian Cullendar"
	ModWheel: 0.00000000 %
	Rotation: 0.00000000 degrees
	Tuning: +10.56847572 ct 
	Atonality: 29.37543690 %
	Effect: 0.00000000 %
	Release: 2.12988188 s 
	WheelScale: 23.17073196 %
	VelSens: 50.00000000 %
	Volume: 0.00000000 dB
	Branch1: 44.65706646 %
	Branch2: 44.65706646 %
	Branch3: 44.65706646 %
	Branch4: 44.65706646 %
	Branch5: 44.65706646 %
	Branch6: 44.65706646 %
	Branch7: 44.65706646 %
	Branch8: 44.65706646 %
	Branch9: 44.65706646 %
	Branch10: 44.65706646 %
	Branch11: 44.65706646 %
	Branch12: 44.65706646 %
	Seed: 0x5c45dc1a
	Pitch: 0.00000000
	Cloned: true
	Genome: {
		env_time: 0.55276626,
		env_loop: 0.67610711,
		env_tilt: 0.61385530,
		vol_atk: 0.68545806,
		vol_dcy: 0.64187628,
		vol_sus: 0.97423029,
		mod_atk: 0.42811406,
		mod_dcy: 0.83772230,
		mod_sh: 0.20985389,
		mod_vel: 0.50000000,
		lfo_rate: 0.37646544,
		lfo_amt: 0.10995305,
		lfo_bal: 0.00697589,
		a_form: 0.33698153,
		a_noise: 0.49656153,
		a_color: 0.19898295,
		a_freq: 0.50000000,
		a_mod: 0.43325824,
		b_form: 0.15126383,
		b_noise: 0.39082277,
		b_freq: 0.58689880,
		b_mod: 0.44848239,
		b_sh: 0.45617390,
		fm_amt: 0.48294663,
		fm_mod: 0.05454534,
		sub_am: 0.05951053,
		balance: 0.44902438,
		flt_freq: 0.71445936,
		flt_mod: 0.53791475,
		flt_sep: 0.79167134,
		flt_q: 0.69896692,
		flt_kf: 0.34794736,
		fx_mix: 0.89316589,
		fx_len: 0.84030020,
		fx_damp: 0.66772193,
		fx_chors: 0.84894150,
		fx_size: 0.35494933
	}
}
