SynplantPatch: {
	Version: 10
	Implementation: 10
	Name: "AZ The Green Man"
	ModWheel: 51.18110180 %
	Rotation: 0.00000000 degrees
	Tuning: +0.00000000 ct 
	Atonality: 27.69396007 %
	Effect: 0.00000000 %
	Release: 7.14480887 s 
	WheelScale: 63.74999881 %
	VelSens: 0.00000000 %
	Volume: -1.48001199 dB
	Branch1: 41.94769263 %
	Branch2: 42.45830178 %
	Branch3: 42.45830178 %
	Branch4: 49.79567528 %
	Branch5: 56.44607544 %
	Branch6: 47.58997858 %
	Branch7: 42.08408594 %
	Branch8: 45.35180330 %
	Branch9: 41.12567902 %
	Branch10: 32.79198408 %
	Branch11: 39.61372972 %
	Branch12: 44.61052120 %
	Seed: 0x01416e4a
	Pitch: 0.00000000
	Cloned: true
	Genome: {
		env_time: 0.45578998
		env_loop: 0.81416023
		env_tilt: 0.71874052
		vol_atk: 0.91958368
		vol_dcy: 0.47646058
		vol_sus: 0.66601610
		mod_atk: 0.96361685
		mod_dcy: 0.19508940
		mod_sh: 0.38476533
		mod_vel: 0.38506186
		lfo_rate: 0.27120417
		lfo_amt: 0.44832355
		lfo_bal: 0.73290122
		a_form: 0.72850192
		a_noise: 0.38976216
		a_color: 0.34448126
		a_freq: 0.50000000
		a_mod: 0.44516835
		b_form: 0.41656792
		b_noise: 0.34555131
		b_freq: 0.43372732
		b_mod: 0.56917316
		b_sh: 0.90976918
		fm_amt: 0.41793793
		fm_mod: 0.35450864
		sub_am: 0.83017337
		balance: 0.57950097
		flt_freq: 0.21173096
		flt_mod: 0.82043672
		flt_sep: 0.36665085
		flt_q: 0.15453976
		flt_kf: 0.23650420
		fx_mix: 0.76364589
		fx_len: 0.78446972
		fx_damp: 0.31178185
		fx_chors: 0.06408057
		fx_size: 0.40038994
	}
}
