SynplantPatch: {
	Version: 10
	Implementation: 10
	Name: "CS Ladybirds to the Rescue"
	ModWheel: 0.00000000 %
	Rotation: 0.00000000 degrees
	Tuning: +0.00000000 ct 
	Atonality: 18.25986356 %
	Effect: 0.00000000 %
	Release: 439.24913451 ms 
	WheelScale: 51.24999881 %
	VelSens: 100.00000000 %
	Volume: 7.00994440 dB
	Branch1: 0.00000000 %
	Branch2: 0.00000000 %
	Branch3: 0.00000000 %
	Branch4: 0.00000000 %
	Branch5: 0.00000000 %
	Branch6: 0.00000000 %
	Branch7: 0.00000000 %
	Branch8: 0.00000000 %
	Branch9: 0.00000000 %
	Branch10: 0.00000000 %
	Branch11: 0.00000000 %
	Branch12: 0.00000000 %
	Seed: 0x4f57602c
	Pitch: 5.00000000
	Cloned: false
	Genome: {
		env_time: 0.25141031,
		env_loop: 0.51039541,
		env_tilt: 0.31959802,
		vol_atk: 0.84349674,
		vol_dcy: 0.53362203,
		vol_sus: 0.65364194,
		mod_atk: 0.86955428,
		mod_dcy: 0.77750444,
		mod_sh: 0.35675955,
		mod_vel: 0.49818897,
		lfo_rate: 0.58146840,
		lfo_amt: 0.89283133,
		lfo_bal: 0.60697472,
		a_form: 0.12744045,
		a_noise: 0.13462973,
		a_color: 0.79359972,
		a_freq: 0.16666669,
		a_mod: 0.32555538,
		b_form: 0.23663884,
		b_noise: 0.47691816,
		b_freq: 0.51351047,
		b_mod: 0.43953884,
		b_sh: 0.60841107,
		fm_amt: 0.68766654,
		fm_mod: 0.75716424,
		sub_am: 0.26372343,
		balance: 0.27912885,
		flt_freq: 0.59741521,
		flt_mod: 0.23877376,
		flt_sep: 0.71527946,
		flt_q: 0.52628458,
		flt_kf: 0.76106226,
		fx_mix: 0.40728718,
		fx_len: 0.77205896,
		fx_damp: 0.59088743,
		fx_chors: 0.96397114,
		fx_size: 0.25584063
	}
}
