SynplantPatch: {
	Version: 10
	Implementation: 10
	Name: "EE Ping"
	ModWheel: 0.00000000 %
	Rotation: 0.00000000 degrees
	Tuning: +0.00000000 ct 
	Atonality: 0.00000000 %
	Effect: -33.78916383 %
	Release: 277.04345216 ms 
	WheelScale: 46.34146392 %
	VelSens: 50.00000000 %
	Volume: 2.08673448 dB
	Branch1: 0.00000000 %
	Branch2: 0.00000000 %
	Branch3: 0.00000000 %
	Branch4: 0.00000000 %
	Branch5: 0.00000000 %
	Branch6: 0.00000000 %
	Branch7: 0.00000000 %
	Branch8: 0.00000000 %
	Branch9: 0.00000000 %
	Branch10: 0.00000000 %
	Branch11: 0.00000000 %
	Branch12: 0.00000000 %
	Seed: 0x9dacc15b
	Pitch: -0.66156405
	Cloned: false
	Genome: {
		env_time: 0.58644402,
		env_loop: 0.28231061,
		env_tilt: 0.55586368,
		vol_atk: 0.29619861,
		vol_dcy: 0.19421691,
		vol_sus: 0.47671789,
		mod_atk: 0.11793840,
		mod_dcy: 0.01042247,
		mod_sh: 0.00710905,
		mod_vel: 0.50000000,
		lfo_rate: 0.27081800,
		lfo_amt: 0.00997680,
		lfo_bal: 0.20652032,
		a_form: 0.55823749,
		a_noise: 0.00992262,
		a_color: 0.72441971,
		a_freq: 0.77692735,
		a_mod: 0.50000000,
		b_form: 0.26191056,
		b_noise: 0.91423529,
		b_freq: 0.46036935,
		b_mod: 0.50000000,
		b_sh: 0.23524761,
		fm_amt: 0.45414615,
		fm_mod: 0.43083990,
		sub_am: 0.48623979,
		balance: 0.11416769,
		flt_freq: 0.77425504,
		flt_mod: 0.85027528,
		flt_sep: 0.38210064,
		flt_q: 0.44722366,
		flt_kf: 0.76708907,
		fx_mix: 0.75844598,
		fx_len: 0.74348432,
		fx_damp: 0.59534764,
		fx_chors: 0.80332291,
		fx_size: 0.35125241
	}
}
