SynplantPatch: {
	Version: 10
	Implementation: 10
	Name: "elv HellsBells"
	ModWheel: 0.00000000 %
	Rotation: 0.00000000 degrees
	Tuning: +0.00000000 ct 
	Atonality: 49.00000095 %
	Effect: 0.00000000 %
	Release: 5.02100019 s 
	WheelScale: 100.00000000 %
	VelSens: 50.00000000 %
	Volume: -3.04006072 dB
	Branch1: 0.00000000 %
	Branch2: 0.00000000 %
	Branch3: 0.00000000 %
	Branch4: 0.00000000 %
	Branch5: 0.00000000 %
	Branch6: 0.00000000 %
	Branch7: 0.00000000 %
	Branch8: 0.00000000 %
	Branch9: 0.00000000 %
	Branch10: 0.00000000 %
	Branch11: 0.00000000 %
	Branch12: 0.00000000 %
	Seed: 0x7f00d045
	Pitch: 2.46468997
	Cloned: false
	Genome: {
		env_time: 0.70773661
		env_loop: 0.94097972
		env_tilt: 0.17968547
		vol_atk: 0.08747184
		vol_dcy: 0.80798852
		vol_sus: 0.10063076
		mod_atk: 0.22876596
		mod_dcy: 0.81631768
		mod_sh: 0.25117517
		mod_vel: 0.50000000
		lfo_rate: 0.53607923
		lfo_amt: 0.63181520
		lfo_bal: 0.32020158
		a_form: 0.76195258
		a_noise: 0.35068893
		a_color: 0.49782819
		a_freq: 0.25588500
		a_mod: 0.67880428
		b_form: 0.49565470
		b_noise: 0.39315730
		b_freq: 0.51482517
		b_mod: 0.85981721
		b_sh: 0.13183153
		fm_amt: 0.41963583
		fm_mod: 0.73813009
		sub_am: 0.25000000
		balance: 0.62542403
		flt_freq: 0.60217017
		flt_mod: 0.33727801
		flt_sep: 0.56636149
		flt_q: 0.85421991
		flt_kf: 0.75000000
		fx_mix: 0.65192133
		fx_len: 0.31916839
		fx_damp: 0.63634026
		fx_chors: 0.41905493
		fx_size: 0.35494933
	}
}
