SynplantPatch: {
	Version: 10
	Implementation: 10
	Name: "ELX Down Periscope"
	ModWheel: 0.00000000 %
	Rotation: 0.00000000 degrees
	Tuning: +0.00000000 ct 
	Atonality: 31.79079890 %
	Effect: 6.97292089 %
	Release: 271.81466327 ms 
	WheelScale: 69.51219440 %
	VelSens: 50.00000000 %
	Volume: 2.71806771 dB
	Branch1: 0.00000000 %
	Branch2: 0.00000000 %
	Branch3: 0.00000000 %
	Branch4: 0.00000000 %
	Branch5: 0.00000000 %
	Branch6: 0.00000000 %
	Branch7: 0.00000000 %
	Branch8: 0.00000000 %
	Branch9: 0.00000000 %
	Branch10: 0.00000000 %
	Branch11: 0.00000000 %
	Branch12: 0.00000000 %
	Seed: 0xc518e54f
	Pitch: 0.00000000
	Cloned: false
	Genome: {
		env_time: 0.75996947
		env_loop: 0.32014406
		env_tilt: 0.36624289
		vol_atk: 0.74196970
		vol_dcy: 0.82521951
		vol_sus: 0.61716211
		mod_atk: 0.51073194
		mod_dcy: 0.97876012
		mod_sh: 0.97973222
		mod_vel: 0.50609243
		lfo_rate: 0.26681584
		lfo_amt: 0.77921903
		lfo_bal: 0.02996337
		a_form: 0.14193374
		a_noise: 0.13975847
		a_color: 0.10466665
		a_freq: 0.83333331
		a_mod: 0.86777961
		b_form: 0.13349551
		b_noise: 0.37797952
		b_freq: 0.80529881
		b_mod: 0.53203928
		b_sh: 0.87148559
		fm_amt: 0.48416024
		fm_mod: 0.01259655
		sub_am: 0.65573281
		balance: 0.15267527
		flt_freq: 0.66490304
		flt_mod: 0.19652933
		flt_sep: 0.69830108
		flt_q: 0.32247061
		flt_kf: 0.76777291
		fx_mix: 0.70596290
		fx_len: 0.70991790
		fx_damp: 0.71992838
		fx_chors: 0.21164489
		fx_size: 0.15847680
	}
}
