SynplantPatch: {
	Version: 10
	Implementation: 10
	Name: "SM Hybrinstrument"
	ModWheel: 0.00000000 %
	Rotation: 0.00000000 degrees
	Tuning: +0.00000000 ct 
	Atonality: 4.47799638 %
	Effect: 31.06020689 %
	Release: 1.69236414 s 
	WheelScale: 12.19512001 %
	VelSens: 50.00000000 %
	Volume: -3.63256351 dB
	Branch1: 0.00000000 %
	Branch2: 0.00000000 %
	Branch3: 0.00000000 %
	Branch4: 0.00000000 %
	Branch5: 0.00000000 %
	Branch6: 0.00000000 %
	Branch7: 0.00000000 %
	Branch8: 0.00000000 %
	Branch9: 0.00000000 %
	Branch10: 0.00000000 %
	Branch11: 0.00000000 %
	Branch12: 0.00000000 %
	Seed: 0xa6adb705
	Pitch: 0.00000000
	Cloned: false
	Genome: {
		env_time: 0.62784910,
		env_loop: 0.57906812,
		env_tilt: 0.29311118,
		vol_atk: 0.46751893,
		vol_dcy: 0.72111583,
		vol_sus: 0.00000000,
		mod_atk: 0.60700226,
		mod_dcy: 0.53711486,
		mod_sh: 0.45038092,
		mod_vel: 0.37728527,
		lfo_rate: 0.35347432,
		lfo_amt: 0.40547270,
		lfo_bal: 0.29435226,
		a_form: 0.76870275,
		a_noise: 0.28961214,
		a_color: 0.17342179,
		a_freq: 0.49999997,
		a_mod: 0.48038971,
		b_form: 1.00000000,
		b_noise: 0.12378536,
		b_freq: 0.48368979,
		b_mod: 0.25105187,
		b_sh: 0.62747306,
		fm_amt: 0.38466209,
		fm_mod: 0.69983131,
		sub_am: 0.65454382,
		balance: 0.29000303,
		flt_freq: 0.71619469,
		flt_mod: 0.56619143,
		flt_sep: 0.57243508,
		flt_q: 0.37286723,
		flt_kf: 0.57172984,
		fx_mix: 0.54735845,
		fx_len: 0.49967694,
		fx_damp: 0.59287232,
		fx_chors: 0.61107862,
		fx_size: 0.41307735
	}
}
