SynplantPatch: {
	Version: 10
	Implementation: 10
	Name: "SM Trancebass"
	ModWheel: 0.00000000 %
	Rotation: 0.00000000 degrees
	Tuning: -12.00000000 sm 
	Atonality: 20.07772774 %
	Effect: -45.11829615 %
	Release: 104.60962206 ms 
	WheelScale: 20.73170543 %
	VelSens: 50.00000000 %
	Volume: 2.75007110 dB
	Branch1: 0.00000000 %
	Branch2: 0.00000000 %
	Branch3: 0.00000000 %
	Branch4: 0.00000000 %
	Branch5: 0.00000000 %
	Branch6: 0.00000000 %
	Branch7: 0.00000000 %
	Branch8: 0.00000000 %
	Branch9: 0.00000000 %
	Branch10: 0.00000000 %
	Branch11: 0.00000000 %
	Branch12: 0.00000000 %
	Seed: 0xb977f704
	Pitch: 0.00059438
	Cloned: false
	Genome: {
		env_time: 0.45693502,
		env_loop: 0.92199838,
		env_tilt: 0.31719488,
		vol_atk: 0.82239300,
		vol_dcy: 0.40754524,
		vol_sus: 0.10701942,
		mod_atk: 0.79596603,
		mod_dcy: 0.21188045,
		mod_sh: 0.50262266,
		mod_vel: 0.65788645,
		lfo_rate: 0.81452811,
		lfo_amt: 0.66238558,
		lfo_bal: 0.23680800,
		a_form: 0.82752258,
		a_noise: 0.31393063,
		a_color: 0.43694115,
		a_freq: 0.49990094,
		a_mod: 0.47170877,
		b_form: 0.64884120,
		b_noise: 0.00989538,
		b_freq: 0.51935905,
		b_mod: 0.48488545,
		b_sh: 0.44593084,
		fm_amt: 0.64769763,
		fm_mod: 0.22941393,
		sub_am: 0.34812999,
		balance: 0.73752761,
		flt_freq: 0.52593261,
		flt_mod: 0.81897008,
		flt_sep: 0.67036766,
		flt_q: 0.21012098,
		flt_kf: 0.53532314,
		fx_mix: 0.36755383,
		fx_len: 0.36087394,
		fx_damp: 0.41708279,
		fx_chors: 0.29444456,
		fx_size: 0.71780187
	}
}
