SynplantPatch: {
	Version: 10
	Implementation: 10
	Name: "RL Long Division"
	ModWheel: 0.00000000 %
	Rotation: 0.00000000 degrees
	Tuning: +0.00000000 ct 
	Atonality: 0.00000000 %
	Effect: 8.55590105 %
	Release: 195.09135647 ms 
	WheelScale: 19.51219440 %
	VelSens: 50.00000000 %
	Volume: 0.00000000 dB
	Branch1: 0.00000000 %
	Branch2: 0.00000000 %
	Branch3: 0.00000000 %
	Branch4: 0.00000000 %
	Branch5: 0.00000000 %
	Branch6: 0.00000000 %
	Branch7: 0.00000000 %
	Branch8: 0.00000000 %
	Branch9: 0.00000000 %
	Branch10: 0.00000000 %
	Branch11: 0.00000000 %
	Branch12: 0.00000000 %
	Seed: 0xb07e5b7f
	Pitch: 0.27881646
	Cloned: false
	Genome: {
		env_time: 0.73731607,
		env_loop: 0.30790055,
		env_tilt: 0.16594750,
		vol_atk: 0.31207430,
		vol_dcy: 0.42870134,
		vol_sus: 0.90840077,
		mod_atk: 0.36871409,
		mod_dcy: 0.08968246,
		mod_sh: 0.72604877,
		mod_vel: 0.43640918,
		lfo_rate: 0.64336604,
		lfo_amt: 0.91292274,
		lfo_bal: 0.13915938,
		a_form: 0.58664632,
		a_noise: 0.45319438,
		a_color: 0.56676936,
		a_freq: 0.28686392,
		a_mod: 0.49956697,
		b_form: 0.81040257,
		b_noise: 0.41877800,
		b_freq: 0.58861297,
		b_mod: 0.50000000,
		b_sh: 0.52613008,
		fm_amt: 0.59556603,
		fm_mod: 0.52525240,
		sub_am: 0.73378360,
		balance: 0.23753983,
		flt_freq: 0.55746365,
		flt_mod: 0.72922546,
		flt_sep: 0.46121830,
		flt_q: 0.73714226,
		flt_kf: 0.76457953,
		fx_mix: 0.31028670,
		fx_len: 0.75405103,
		fx_damp: 0.31873122,
		fx_chors: 0.00000000,
		fx_size: 0.56461596
	}
}
