SynplantPatch: {
	Version: 10
	Implementation: 10
	Name: "NE All Is Swell"
	ModWheel: 0.00000000 %
	Rotation: 0.00000000 degrees
	Tuning: +0.00000000 ct 
	Atonality: 0.00000000 %
	Effect: 0.00000000 %
	Release: 3.00727807 s 
	WheelScale: 100.00000000 %
	VelSens: 50.00000000 %
	Volume: 0.00000000 dB
	Branch1: 0.00000000 %
	Branch2: 0.00000000 %
	Branch3: 0.00000000 %
	Branch4: 0.00000000 %
	Branch5: 0.00000000 %
	Branch6: 0.00000000 %
	Branch7: 0.00000000 %
	Branch8: 0.00000000 %
	Branch9: 0.00000000 %
	Branch10: 0.00000000 %
	Branch11: 0.00000000 %
	Branch12: 0.00000000 %
	Seed: 0xe95497d1
	Pitch: 0.00000000
	Cloned: false
	Genome: {
		env_time: 0.78655928,
		env_loop: 0.81039834,
		env_tilt: 0.91845304,
		vol_atk: 0.64274025,
		vol_dcy: 0.65507627,
		vol_sus: 0.75995630,
		mod_atk: 0.46841460,
		mod_dcy: 0.99928284,
		mod_sh: 0.74502754,
		mod_vel: 0.21361515,
		lfo_rate: 0.26221013,
		lfo_amt: 0.49569920,
		lfo_bal: 0.55039799,
		a_form: 0.57405436,
		a_noise: 0.43952122,
		a_color: 0.74687630,
		a_freq: 0.50000000,
		a_mod: 0.50000000,
		b_form: 0.14484829,
		b_noise: 0.05241376,
		b_freq: 0.76457947,
		b_mod: 0.50000000,
		b_sh: 0.68977153,
		fm_amt: 0.66100985,
		fm_mod: 0.20442849,
		sub_am: 0.99575728,
		balance: 0.19999927,
		flt_freq: 0.41585207,
		flt_mod: 0.79460895,
		flt_sep: 0.98523057,
		flt_q: 0.33341306,
		flt_kf: 0.31091687,
		fx_mix: 0.76081276,
		fx_len: 0.61750555,
		fx_damp: 0.48501435,
		fx_chors: 0.76011795,
		fx_size: 0.24905291
	}
}
