SynplantPatch: {
	Version: 10
	Implementation: 2
	Name: "esq135bV1"
	ModWheel: 0.00000000 %
	Rotation: 0.00000000 degrees
	Tuning: +0.00000000 ct 
	Atonality: 0.00000000 %
	Effect: 0.00000000 %
	Release: 250.72065492 ms 
	WheelScale: 68.75000000 %
	VelSens: 50.00000000 %
	Volume: 0.00000000 dB
	Branch1: 0.00000000 %
	Branch2: 0.00000000 %
	Branch3: 0.00000000 %
	Branch4: 0.00000000 %
	Branch5: 0.00000000 %
	Branch6: 0.00000000 %
	Branch7: 0.00000000 %
	Branch8: 0.00000000 %
	Branch9: 0.00000000 %
	Branch10: 0.00000000 %
	Branch11: 0.00000000 %
	Branch12: 0.00000000 %
	Seed: 0x00000006
	Pitch: 0.00000000
	Cloned: true
	Genome: {
		env_time: 0.77516860
		env_loop: 0.59798020
		env_tilt: 0.31012711
		vol_atk: 0.65192980
		vol_dcy: 0.73773044
		vol_sus: 0.77924508
		mod_atk: 0.44951239
		mod_dcy: 0.37012696
		mod_sh: 0.43760809
		mod_vel: 0.00000000
		lfo_rate: 0.62950826
		lfo_amt: 0.68722135
		lfo_bal: 0.25266495
		a_form: 0.71519518
		a_noise: 0.78200001
		a_color: 0.81174469
		a_freq: 0.49997193
		a_mod: 0.47310582
		b_form: 0.47584191
		b_noise: 0.36897951
		b_freq: 0.68482107
		b_mod: 0.50682491
		b_sh: 0.63727957
		fm_amt: 0.42574614
		fm_mod: 0.73686683
		sub_am: 0.37440243
		balance: 0.79672641
		flt_freq: 0.67812353
		flt_mod: 0.74302965
		flt_sep: 0.42856795
		flt_q: 0.20372225
		flt_kf: 0.23141958
		fx_mix: 0.13323808
		fx_len: 0.19348618
		fx_damp: 0.26332682
		fx_chors: 0.97406399
		fx_size: 0.61761367
	}
}
