SynplantPatch: {
	Version: 10
	Implementation: 2
	Name: "SC Boombox"
	ModWheel: 0.00000000 %
	Rotation: 120.00000358 degrees
	Tuning: +0.00000000 ct 
	Atonality: 50.00000000 %
	Effect: 0.00000000 %
	Release: 7.20471895 s 
	WheelScale: 32.49999881 %
	VelSens: 50.00000000 %
	Volume: 4.03267663 dB
	Branch1: 30.57053685 %
	Branch2: 28.74879241 %
	Branch3: 21.86274827 %
	Branch4: 29.12036777 %
	Branch5: 20.43672651 %
	Branch6: 25.80537796 %
	Branch7: 53.23651433 %
	Branch8: 28.34886909 %
	Branch9: 0.00000000 %
	Branch10: 33.92364085 %
	Branch11: 19.52360421 %
	Branch12: 32.10694790 %
	Seed: 0x00000001
	Pitch: 0.00000000
	Cloned: false
	Genome: {
		env_time: 0.34609178
		env_loop: 0.80943578
		env_tilt: 0.19047512
		vol_atk: 0.73506957
		vol_dcy: 0.94861764
		vol_sus: 0.43752337
		mod_atk: 0.78631705
		mod_dcy: 0.03040365
		mod_sh: 0.48188645
		mod_vel: 0.00000000
		lfo_rate: 0.53799587
		lfo_amt: 0.40790415
		lfo_bal: 0.76664227
		a_form: 0.17570977
		a_noise: 0.77129459
		a_color: 0.34518895
		a_freq: 0.09319585
		a_mod: 0.83381522
		b_form: 0.96713138
		b_noise: 0.76797724
		b_freq: 0.10349831
		b_mod: 0.11489887
		b_sh: 0.48293883
		fm_amt: 0.30383396
		fm_mod: 0.13781957
		sub_am: 0.77479762
		balance: 0.83052260
		flt_freq: 0.69554538
		flt_mod: 0.04374880
		flt_sep: 0.23036371
		flt_q: 0.93339980
		flt_kf: 1.00000000
		fx_mix: 0.34256762
		fx_len: 0.10060936
		fx_damp: 0.02234372
		fx_chors: 0.93726027
		fx_size: 0.47474992
	}
}
