SynplantPatch: {
	Version: 10
	Implementation: 10
	Name: "NE Bellotaur"
	ModWheel: 0.00000000 %
	Rotation: 0.00000000 degrees
	Tuning: -12.00000000 sm 
	Atonality: 44.82817948 %
	Effect: 0.00000000 %
	Release: 1.50707485 s 
	WheelScale: 48.75000119 %
	VelSens: 50.00000000 %
	Volume: 0.00000000 dB
	Branch1: 0.00000000 %
	Branch2: 0.00000000 %
	Branch3: 0.00000000 %
	Branch4: 0.00000000 %
	Branch5: 0.00000000 %
	Branch6: 0.00000000 %
	Branch7: 0.00000000 %
	Branch8: 0.00000000 %
	Branch9: 0.00000000 %
	Branch10: 0.00000000 %
	Branch11: 0.00000000 %
	Branch12: 0.00000000 %
	Seed: 0x285cd20a
	Pitch: -0.31324673
	Cloned: true
	Genome: {
		env_time: 0.53134918
		env_loop: 0.63157976
		env_tilt: 0.15334392
		vol_atk: 0.23054427
		vol_dcy: 0.46925473
		vol_sus: 0.26019210
		mod_atk: 0.96222186
		mod_dcy: 0.72631073
		mod_sh: 0.69918972
		mod_vel: 0.62580913
		lfo_rate: 0.17263240
		lfo_amt: 0.41075987
		lfo_bal: 0.42760694
		a_form: 0.91039234
		a_noise: 0.26339215
		a_color: 0.88779020
		a_freq: 0.71887445
		a_mod: 0.50000000
		b_form: 0.29001462
		b_noise: 0.11402988
		b_freq: 0.76475114
		b_mod: 0.82304734
		b_sh: 0.27622318
		fm_amt: 0.23588941
		fm_mod: 0.60639155
		sub_am: 0.44309294
		balance: 0.00000000
		flt_freq: 0.45276922
		flt_mod: 0.51418346
		flt_sep: 0.22396627
		flt_q: 0.67547369
		flt_kf: 0.06155837
		fx_mix: 0.60134768
		fx_len: 0.84760278
		fx_damp: 0.38991654
		fx_chors: 0.42530972
		fx_size: 0.81457418
	}
}
