SynplantPatch: {
	Version: 10
	Implementation: 10
	Name: "NE Corroded Bass"
	ModWheel: 0.00000000 %
	Rotation: 0.00000000 degrees
	Tuning: +0.00000000 ct 
	Atonality: 0.00000000 %
	Effect: -100.00000000 %
	Release: 223.60679775 ms 
	WheelScale: 100.00000000 %
	VelSens: 50.00000000 %
	Volume: 2.08673128 dB
	Branch1: 0.00000000 %
	Branch2: 0.00000000 %
	Branch3: 0.00000000 %
	Branch4: 0.00000000 %
	Branch5: 0.00000000 %
	Branch6: 0.00000000 %
	Branch7: 0.00000000 %
	Branch8: 0.00000000 %
	Branch9: 0.00000000 %
	Branch10: 0.00000000 %
	Branch11: 0.00000000 %
	Branch12: 0.00000000 %
	Seed: 0x4017168a
	Pitch: -0.00000012
	Cloned: false
	Genome: {
		env_time: 0.51645166
		env_loop: 0.19801962
		env_tilt: 0.27745670
		vol_atk: 0.66963005
		vol_dcy: 0.39543515
		vol_sus: 0.98759902
		mod_atk: 0.19927573
		mod_dcy: 0.34692180
		mod_sh: 0.69900239
		mod_vel: 0.34900880
		lfo_rate: 0.58931565
		lfo_amt: 0.33972788
		lfo_bal: 0.69367206
		a_form: 0.75160575
		a_noise: 0.35440612
		a_color: 0.48441565
		a_freq: 0.16666669
		a_mod: 0.51877797
		b_form: 0.43376327
		b_noise: 0.76358616
		b_freq: 0.82420492
		b_mod: 0.50847715
		b_sh: 0.66539168
		fm_amt: 0.15020204
		fm_mod: 0.15819597
		sub_am: 0.36447573
		balance: 0.23661923
		flt_freq: 0.72558457
		flt_mod: 0.94883078
		flt_sep: 0.42361456
		flt_q: 0.02297378
		flt_kf: 0.54484493
		fx_mix: 0.50522423
		fx_len: 0.36360729
		fx_damp: 0.77477169
		fx_chors: 0.85688287
		fx_size: 0.09980524
	}
}
