SynplantPatch: {
	Version: 10
	Implementation: 10
	Name: "NE Canned Lasers"
	ModWheel: 0.00000000 %
	Rotation: 149.99999642 degrees
	Tuning: -3.74028683 ct 
	Atonality: 16.61241204 %
	Effect: 0.61883926 %
	Release: 656.97952267 ms 
	WheelScale: 65.88420868 %
	VelSens: 50.00000000 %
	Volume: 0.00000000 dB
	Branch1: 77.11535692 %
	Branch2: 34.31102633 %
	Branch3: 10.57891250 %
	Branch4: 59.11141038 %
	Branch5: 48.23100865 %
	Branch6: 68.58429313 %
	Branch7: 59.16991234 %
	Branch8: 0.00000000 %
	Branch9: 48.58380854 %
	Branch10: 40.38010240 %
	Branch11: 27.72393823 %
	Branch12: 27.46146023 %
	Seed: 0x4e2270cc
	Pitch: -0.00020647
	Cloned: false
	Genome: {
		env_time: 0.21029186
		env_loop: 0.22299850
		env_tilt: 0.36931610
		vol_atk: 0.23819292
		vol_dcy: 0.85035634
		vol_sus: 0.04728317
		mod_atk: 0.87544709
		mod_dcy: 0.13426638
		mod_sh: 0.21314883
		mod_vel: 0.52579033
		lfo_rate: 0.91463315
		lfo_amt: 0.38578510
		lfo_bal: 0.66112649
		a_form: 0.89215559
		a_noise: 0.40298462
		a_color: 0.24770725
		a_freq: 0.66670108
		a_mod: 0.52002257
		b_form: 0.12110472
		b_noise: 0.32529330
		b_freq: 0.04781771
		b_mod: 0.48760319
		b_sh: 0.10339278
		fm_amt: 0.76223963
		fm_mod: 0.14160085
		sub_am: 0.37570214
		balance: 0.59066361
		flt_freq: 0.95939821
		flt_mod: 0.15996426
		flt_sep: 0.37843704
		flt_q: 0.10093892
		flt_kf: 0.96823251
		fx_mix: 0.72585821
		fx_len: 0.74391747
		fx_damp: 0.80079353
		fx_chors: 0.12106526
		fx_size: 0.65086675
	}
}
