SynplantPatch: {
	Version: 10
	Implementation: 2
	Name: "NE Creme Brule"
	ModWheel: 0.00000000 %
	Rotation: 0.00000000 degrees
	Tuning: +0.00000000 ct 
	Atonality: 79.00000215 %
	Effect: 0.00000000 %
	Release: 2.00070856 s 
	WheelScale: 0.00000000 %
	VelSens: 50.00000000 %
	Volume: -2.86465860 dB
	Branch1: 0.00000000 %
	Branch2: 0.00000000 %
	Branch3: 0.00000000 %
	Branch4: 0.00000000 %
	Branch5: 0.00000000 %
	Branch6: 0.00000000 %
	Branch7: 0.00000000 %
	Branch8: 0.00000000 %
	Branch9: 0.00000000 %
	Branch10: 0.00000000 %
	Branch11: 0.00000000 %
	Branch12: 0.00000000 %
	Seed: 0xb2456d1b
	Pitch: 0.17780566
	Cloned: false
	Genome: {
		env_time: 0.05162072,
		env_loop: 0.77606231,
		env_tilt: 0.94355410,
		vol_atk: 0.83306253,
		vol_dcy: 0.78936028,
		vol_sus: 0.65057898,
		mod_atk: 0.46805048,
		mod_dcy: 0.25704011,
		mod_sh: 0.75981176,
		mod_vel: 0.50000000,
		lfo_rate: 0.37398168,
		lfo_amt: 0.80039412,
		lfo_bal: 0.40857422,
		a_form: 0.41266593,
		a_noise: 0.67250204,
		a_color: 0.56484252,
		a_freq: 0.47036573,
		a_mod: 0.45046633,
		b_form: 0.92497349,
		b_noise: 0.74579793,
		b_freq: 0.82883525,
		b_mod: 0.61114854,
		b_sh: 0.51377678,
		fm_amt: 0.33381143,
		fm_mod: 0.76167226,
		sub_am: 0.25000000,
		balance: 0.20954350,
		flt_freq: 0.24903868,
		flt_mod: 0.48895243,
		flt_sep: 0.73877233,
		flt_q: 0.92117542,
		flt_kf: 0.75000000,
		fx_mix: 0.95860505,
		fx_len: 0.45474127,
		fx_damp: 0.27701047,
		fx_chors: 0.25000000,
		fx_size: 0.25830597
	}
}
