SynplantPatch: {
	Version: 10
	Implementation: 10
	Name: "cellishV1"
	ModWheel: 0.00000000 %
	Rotation: 0.00000000 degrees
	Tuning: +0.00000000 ct 
	Atonality: 24.22633320 %
	Effect: 0.00000000 %
	Release: 747.42776719 ms 
	WheelScale: 36.24999821 %
	VelSens: 50.00000000 %
	Volume: -4.42080365 dB
	Branch1: 0.00000000 %
	Branch2: 0.00000000 %
	Branch3: 0.00000000 %
	Branch4: 0.00000000 %
	Branch5: 0.00000000 %
	Branch6: 0.00000000 %
	Branch7: 0.00000000 %
	Branch8: 0.00000000 %
	Branch9: 0.00000000 %
	Branch10: 0.00000000 %
	Branch11: 0.00000000 %
	Branch12: 0.00000000 %
	Seed: 0x3fccef46
	Pitch: -0.66693211
	Cloned: true
	Genome: {
		env_time: 0.93241864
		env_loop: 0.99771118
		env_tilt: 0.22904694
		vol_atk: 0.04643852
		vol_dcy: 0.71308166
		vol_sus: 0.89964604
		mod_atk: 0.23472029
		mod_dcy: 0.43505812
		mod_sh: 0.96083927
		mod_vel: 0.00000000
		lfo_rate: 0.19337833
		lfo_amt: 0.00846493
		lfo_bal: 0.49073035
		a_form: 0.89950222
		a_noise: 0.42471397
		a_color: 0.83811736
		a_freq: 0.77782202
		a_mod: 0.47115308
		b_form: 0.69857347
		b_noise: 0.56653464
		b_freq: 0.49994779
		b_mod: 0.48669958
		b_sh: 0.53183705
		fm_amt: 0.76298130
		fm_mod: 0.36725688
		sub_am: 0.85292763
		balance: 0.84597766
		flt_freq: 0.32925153
		flt_mod: 0.53477257
		flt_sep: 0.36077851
		flt_q: 0.20115161
		flt_kf: 0.39289010
		fx_mix: 0.97507405
		fx_len: 0.74908733
		fx_damp: 0.66340512
		fx_chors: 0.55918562
		fx_size: 0.48709247
	}
}
