SynplantPatch: {
	Version: 10
	Implementation: 5
	Name: "NE Clonebells"
	ModWheel: 100.00000000 %
	Rotation: 0.00000000 degrees
	Tuning: +0.00000000 ct 
	Atonality: 40.87916911 %
	Effect: 0.00000000 %
	Release: 7.90134173 s 
	WheelScale: 69.39024329 %
	VelSens: 50.00000000 %
	Volume: 5.14315518 dB
	Branch1: 0.00000000 %
	Branch2: 0.00000000 %
	Branch3: 0.00000000 %
	Branch4: 0.00000000 %
	Branch5: 0.00000000 %
	Branch6: 0.00000000 %
	Branch7: 0.00000000 %
	Branch8: 0.00000000 %
	Branch9: 0.00000000 %
	Branch10: 0.00000000 %
	Branch11: 0.00000000 %
	Branch12: 0.00000000 %
	Seed: 0x44dc52c6
	Pitch: 0.00000000
	Cloned: true
	Genome: {
		env_time: 0.83856046,
		env_loop: 0.27600336,
		env_tilt: 0.21941280,
		vol_atk: 0.94561207,
		vol_dcy: 0.10088861,
		vol_sus: 0.24818921,
		mod_atk: 0.92960846,
		mod_dcy: 0.55802768,
		mod_sh: 0.23360372,
		mod_vel: 0.50000000,
		lfo_rate: 0.05451977,
		lfo_amt: 0.60212350,
		lfo_bal: 0.74922168,
		a_form: 0.29854035,
		a_noise: 0.08752775,
		a_color: 0.85914117,
		a_freq: 0.66666669,
		a_mod: 0.36319929,
		b_form: 0.27293205,
		b_noise: 0.18715084,
		b_freq: 0.81406456,
		b_mod: 0.46020240,
		b_sh: 0.22980529,
		fm_amt: 0.98474002,
		fm_mod: 0.07202619,
		sub_am: 0.64777541,
		balance: 0.01425141,
		flt_freq: 0.19550245,
		flt_mod: 0.70604599,
		flt_sep: 0.48676044,
		flt_q: 0.77279443,
		flt_kf: 0.68086731,
		fx_mix: 0.03875202,
		fx_len: 1.00000000,
		fx_damp: 0.84257185,
		fx_chors: 0.77770102,
		fx_size: 0.19934072
	}
}
