SynplantPatch: {
	Version: 10
	Implementation: 10
	Name: "NE Disturbances"
	ModWheel: 0.00000000 %
	Rotation: 0.00000000 degrees
	Tuning: +12.00000000 sm 
	Atonality: 0.00000000 %
	Effect: 70.37124634 %
	Release: 20.00000000 s 
	WheelScale: 100.00000000 %
	VelSens: 50.00000000 %
	Volume: 0.00000000 dB
	Branch1: 0.00000000 %
	Branch2: 0.00000000 %
	Branch3: 0.00000000 %
	Branch4: 0.00000000 %
	Branch5: 0.00000000 %
	Branch6: 0.00000000 %
	Branch7: 0.00000000 %
	Branch8: 0.00000000 %
	Branch9: 0.00000000 %
	Branch10: 0.00000000 %
	Branch11: 0.00000000 %
	Branch12: 0.00000000 %
	Seed: 0xa8caf3c6
	Pitch: -0.00004077
	Cloned: false
	Genome: {
		env_time: 0.58599913,
		env_loop: 0.27727288,
		env_tilt: 0.59346390,
		vol_atk: 0.38223255,
		vol_dcy: 0.29064238,
		vol_sus: 0.51193780,
		mod_atk: 0.32695669,
		mod_dcy: 0.24162936,
		mod_sh: 0.74468076,
		mod_vel: 0.89830625,
		lfo_rate: 0.77904892,
		lfo_amt: 0.29490906,
		lfo_bal: 0.11882234,
		a_form: 0.31903309,
		a_noise: 0.21516323,
		a_color: 0.42904258,
		a_freq: 0.50000679,
		a_mod: 0.52710819,
		b_form: 0.30454391,
		b_noise: 0.46104765,
		b_freq: 0.70614660,
		b_mod: 0.46365857,
		b_sh: 0.81248951,
		fm_amt: 0.69476843,
		fm_mod: 0.83145696,
		sub_am: 0.57936156,
		balance: 0.84883088,
		flt_freq: 0.58227444,
		flt_mod: 0.96360230,
		flt_sep: 0.66980422,
		flt_q: 0.17144084,
		flt_kf: 0.88407564,
		fx_mix: 0.89244568,
		fx_len: 0.02834976,
		fx_damp: 0.34560239,
		fx_chors: 0.59955782,
		fx_size: 0.50000000
	}
}
