SynplantPatch: {
	Version: 10
	Implementation: 10
	Name: "NE Doppler Device"
	ModWheel: 0.00000000 %
	Rotation: 0.00000000 degrees
	Tuning: -75.45561790 ct 
	Atonality: 50.00000000 %
	Effect: 0.00000000 %
	Release: 5.48299910 s 
	WheelScale: 44.49999928 %
	VelSens: 50.00000000 %
	Volume: -3.04006263 dB
	Branch1: 13.19982409 %
	Branch2: 14.04270679 %
	Branch3: 13.50031644 %
	Branch4: 20.79716176 %
	Branch5: 25.54707527 %
	Branch6: 16.14523977 %
	Branch7: 16.99753106 %
	Branch8: 27.47461498 %
	Branch9: 26.07593834 %
	Branch10: 18.16730797 %
	Branch11: 15.74623734 %
	Branch12: 25.64238608 %
	Seed: 0xd584e0f0
	Pitch: 0.00000000
	Cloned: false
	Genome: {
		env_time: 0.94860464,
		env_loop: 0.80596638,
		env_tilt: 0.68249637,
		vol_atk: 0.37108266,
		vol_dcy: 0.54819626,
		vol_sus: 0.47162870,
		mod_atk: 0.12857878,
		mod_dcy: 0.06426519,
		mod_sh: 0.47877288,
		mod_vel: 1.00000000,
		lfo_rate: 0.08399367,
		lfo_amt: 0.14755344,
		lfo_bal: 0.75393611,
		a_form: 0.86119658,
		a_noise: 0.14352378,
		a_color: 0.92095745,
		a_freq: 0.83333331,
		a_mod: 0.32239479,
		b_form: 0.43900552,
		b_noise: 0.50950980,
		b_freq: 0.44936308,
		b_mod: 0.29368857,
		b_sh: 0.48353291,
		fm_amt: 0.14814141,
		fm_mod: 0.75401449,
		sub_am: 0.27499667,
		balance: 0.49475527,
		flt_freq: 0.21066996,
		flt_mod: 0.70816433,
		flt_sep: 0.84262741,
		flt_q: 0.55039364,
		flt_kf: 0.25619984,
		fx_mix: 0.93541336,
		fx_len: 0.82102174,
		fx_damp: 0.86255533,
		fx_chors: 0.55295944,
		fx_size: 0.13690591
	}
}
