SynplantPatch: {
	Version: 10
	Implementation: 10
	Name: "NE Electrocute"
	ModWheel: 0.00000000 %
	Rotation: 0.00000000 degrees
	Tuning: +0.00000000 ct 
	Atonality: 0.00000000 %
	Effect: 26.98508501 %
	Release: 50.00000000 ms 
	WheelScale: 100.00000000 %
	VelSens: 0.00000000 %
	Volume: -9.06136211 dB
	Branch1: 0.00000000 %
	Branch2: 0.00000000 %
	Branch3: 0.00000000 %
	Branch4: 0.00000000 %
	Branch5: 0.00000000 %
	Branch6: 0.00000000 %
	Branch7: 0.00000000 %
	Branch8: 0.00000000 %
	Branch9: 0.00000000 %
	Branch10: 0.00000000 %
	Branch11: 0.00000000 %
	Branch12: 0.00000000 %
	Seed: 0xf2a51d60
	Pitch: 0.00000000
	Cloned: false
	Genome: {
		env_time: 0.55706728,
		env_loop: 0.58313698,
		env_tilt: 0.62339550,
		vol_atk: 0.87496978,
		vol_dcy: 0.30265996,
		vol_sus: 0.96758366,
		mod_atk: 0.46818787,
		mod_dcy: 0.53966624,
		mod_sh: 0.74658841,
		mod_vel: 0.21107638,
		lfo_rate: 0.62820852,
		lfo_amt: 0.45089176,
		lfo_bal: 0.37514916,
		a_form: 0.44640934,
		a_noise: 0.40270787,
		a_color: 0.55035359,
		a_freq: 0.16666667,
		a_mod: 0.50000000,
		b_form: 0.76201630,
		b_noise: 0.58096433,
		b_freq: 0.65759170,
		b_mod: 0.50000000,
		b_sh: 0.24258810,
		fm_amt: 0.16561902,
		fm_mod: 0.71291286,
		sub_am: 0.96113938,
		balance: 0.31032524,
		flt_freq: 0.16765818,
		flt_mod: 0.05159730,
		flt_sep: 0.70548260,
		flt_q: 0.19612113,
		flt_kf: 0.12439111,
		fx_mix: 0.99730629,
		fx_len: 0.41793239,
		fx_damp: 0.71051890,
		fx_chors: 0.27725211,
		fx_size: 0.13128692
	}
}
