SynplantPatch: {
	Version: 10
	Implementation: 10
	Name: "NE Fuzz Gordon"
	ModWheel: 0.00000000 %
	Rotation: 0.00000000 degrees
	Tuning: +0.00000000 ct 
	Atonality: 100.00000000 %
	Effect: 10.08678675 %
	Release: 50.00000000 ms 
	WheelScale: 26.24999881 %
	VelSens: 50.00000000 %
	Volume: 0.00000000 dB
	Branch1: 40.97442329 %
	Branch2: 40.97442329 %
	Branch3: 40.97442329 %
	Branch4: 40.97442329 %
	Branch5: 40.97442329 %
	Branch6: 40.97442329 %
	Branch7: 40.97442329 %
	Branch8: 40.97442329 %
	Branch9: 40.97442329 %
	Branch10: 40.97442329 %
	Branch11: 40.97442329 %
	Branch12: 40.97442329 %
	Seed: 0x39797299
	Pitch: 0.00000000
	Cloned: true
	Genome: {
		env_time: 0.13994479
		env_loop: 0.42432266
		env_tilt: 0.51276302
		vol_atk: 0.37849385
		vol_dcy: 0.22540364
		vol_sus: 0.96161520
		mod_atk: 0.65611029
		mod_dcy: 0.25766751
		mod_sh: 0.97980738
		mod_vel: 0.95366240
		lfo_rate: 0.25525177
		lfo_amt: 0.79014927
		lfo_bal: 0.88804317
		a_form: 0.72886133
		a_noise: 0.54301983
		a_color: 0.68029737
		a_freq: 0.66666669
		a_mod: 0.38284814
		b_form: 0.58872253
		b_noise: 0.49077415
		b_freq: 0.76047844
		b_mod: 0.73297775
		b_sh: 0.75769687
		fm_amt: 0.80608904
		fm_mod: 0.59147966
		sub_am: 0.55794549
		balance: 0.00942686
		flt_freq: 0.27593112
		flt_mod: 0.26482591
		flt_sep: 0.50085509
		flt_q: 0.39903024
		flt_kf: 0.41778547
		fx_mix: 0.65722859
		fx_len: 0.78769624
		fx_damp: 0.68907917
		fx_chors: 0.59417540
		fx_size: 0.85631382
	}
}
