SynplantPatch: {
	Version: 10
	Implementation: 2
	Name: "noodlenoises v1"
	ModWheel: 0.00000000 %
	Rotation: 0.00000000 degrees
	Tuning: +0.00000000 ct 
	Atonality: 50.00000000 %
	Effect: 0.00000000 %
	Release: 5.23551732 s 
	WheelScale: 100.00000000 %
	VelSens: 50.00000000 %
	Volume: -4.07373684 dB
	Branch1: 6.11004531 %
	Branch2: 12.68205941 %
	Branch3: 39.12134171 %
	Branch4: 38.33479583 %
	Branch5: 30.96768856 %
	Branch6: 33.72312784 %
	Branch7: 40.66729546 %
	Branch8: 38.99089396 %
	Branch9: 31.92466795 %
	Branch10: 29.56561148 %
	Branch11: 26.41223371 %
	Branch12: 13.05764914 %
	Seed: 0x00000001
	Pitch: 0.00000000
	Cloned: false
	Genome: {
		env_time: 0.88517833
		env_loop: 0.23581055
		env_tilt: 0.26608264
		vol_atk: 0.73319024
		vol_dcy: 0.33011609
		vol_sus: 0.83731604
		mod_atk: 0.50656778
		mod_dcy: 0.46671033
		mod_sh: 0.92234731
		mod_vel: 0.00000000
		lfo_rate: 0.33395433
		lfo_amt: 0.47693884
		lfo_bal: 0.13884909
		a_form: 0.36920357
		a_noise: 0.17634930
		a_color: 0.06683639
		a_freq: 0.58364785
		a_mod: 0.88976043
		b_form: 0.35267970
		b_noise: 0.07021320
		b_freq: 0.23117992
		b_mod: 0.82032210
		b_sh: 0.18389562
		fm_amt: 0.85733837
		fm_mod: 0.16258411
		sub_am: 0.20370208
		balance: 0.87893558
		flt_freq: 0.22444049
		flt_mod: 0.51678950
		flt_sep: 0.23414302
		flt_q: 0.75496167
		flt_kf: 1.00000000
		fx_mix: 0.48438740
		fx_len: 0.22324525
		fx_damp: 0.53891677
		fx_chors: 0.36239699
		fx_size: 0.80773073
	}
}
