SynplantPatch: {
	Version: 10
	Implementation: 2
	Name: "cjprybasV1"
	ModWheel: 0.00000000 %
	Rotation: 0.00000000 degrees
	Tuning: +0.00000000 ct 
	Atonality: 5.76808527 %
	Effect: -47.77600765 %
	Release: 305.62676002 ms 
	WheelScale: 57.49999881 %
	VelSens: 34.99999940 %
	Volume: 0.00000000 dB
	Branch1: 0.00000000 %
	Branch2: 0.00000000 %
	Branch3: 0.00000000 %
	Branch4: 0.00000000 %
	Branch5: 0.00000000 %
	Branch6: 0.00000000 %
	Branch7: 0.00000000 %
	Branch8: 0.00000000 %
	Branch9: 0.00000000 %
	Branch10: 0.00000000 %
	Branch11: 0.00000000 %
	Branch12: 0.00000000 %
	Seed: 0x0000000c
	Pitch: 0.00000000
	Cloned: true
	Genome: {
		env_time: 0.45309553
		env_loop: 0.66737652
		env_tilt: 0.23369284
		vol_atk: 0.87351924
		vol_dcy: 0.45558238
		vol_sus: 0.94231176
		mod_atk: 0.90363669
		mod_dcy: 0.25792921
		mod_sh: 0.26598689
		mod_vel: 0.62003177
		lfo_rate: 0.65876663
		lfo_amt: 0.03324770
		lfo_bal: 0.40802908
		a_form: 0.80812705
		a_noise: 0.63924038
		a_color: 0.51106107
		a_freq: 0.16534115
		a_mod: 0.57701826
		b_form: 0.75921977
		b_noise: 0.54075617
		b_freq: 0.60679322
		b_mod: 0.50000000
		b_sh: 0.32875654
		fm_amt: 0.49049759
		fm_mod: 0.39491796
		sub_am: 0.26823899
		balance: 0.73251188
		flt_freq: 0.31399679
		flt_mod: 0.93754989
		flt_sep: 0.50000000
		flt_q: 0.80818772
		flt_kf: 0.32184029
		fx_mix: 0.59618831
		fx_len: 0.47941738
		fx_damp: 0.55620188
		fx_chors: 0.85466015
		fx_size: 0.64149278
	}
}
