SynplantPatch: {
	Version: 10
	Implementation: 1
	Name: "NE PeeWee M"
	ModWheel: 0.00000000 %
	Rotation: 0.00000000 degrees
	Tuning: +0.00000000 ct 
	Atonality: 0.00000000 %
	Effect: -100.00000000 %
	Release: 50.00000000 ms 
	WheelScale: 43.90243888 %
	VelSens: 50.00000000 %
	Volume: 0.00000000 dB
	Branch1: 0.00000000 %
	Branch2: 0.00000000 %
	Branch3: 0.00000000 %
	Branch4: 0.00000000 %
	Branch5: 0.00000000 %
	Branch6: 0.00000000 %
	Branch7: 0.00000000 %
	Branch8: 0.00000000 %
	Branch9: 0.00000000 %
	Branch10: 0.00000000 %
	Branch11: 0.00000000 %
	Branch12: 0.00000000 %
	Seed: 0x06d9ed46
	Pitch: 1.49856174
	Cloned: true
	Genome: {
		env_time: 0.56094760,
		env_loop: 0.51826113,
		env_tilt: 0.15309320,
		vol_atk: 0.36300218,
		vol_dcy: 0.62889683,
		vol_sus: 0.44150162,
		mod_atk: 0.92863202,
		mod_dcy: 0.44536805,
		mod_sh: 0.70870441,
		mod_vel: 0.50000000,
		lfo_rate: 0.48572218,
		lfo_amt: 0.24180810,
		lfo_bal: 0.28987443,
		a_form: 0.76834881,
		a_noise: 0.73628020,
		a_color: 0.45318097,
		a_freq: 0.08314015,
		a_mod: 0.54329664,
		b_form: 0.83798856,
		b_noise: 0.74075019,
		b_freq: 0.51924235,
		b_mod: 0.44434962,
		b_sh: 0.60289389,
		fm_amt: 0.47887534,
		fm_mod: 0.57094276,
		sub_am: 0.25000000,
		balance: 0.74691105,
		flt_freq: 0.00000001,
		flt_mod: 1.00000000,
		flt_sep: 0.50002640,
		flt_q: 0.23046310,
		flt_kf: 0.75000000,
		fx_mix: 0.03218086,
		fx_len: 0.52830565,
		fx_damp: 0.38908356,
		fx_chors: 0.25000000,
		fx_size: 0.35494933
	}
}
