SynplantPatch: {
	Version: 10
	Implementation: 10
	Name: "Chamber Wind 72 (C5) [AKAI Orchestral]-27.96253684003"
	ModWheel: 0.00000000 %
	Rotation: 0.00000000 degrees
	Tuning: +0.00000000 ct 
	Atonality: 50.00000000 %
	Effect: 0.00000000 %
	Release: 3.57816298 s 
	WheelScale: 27.50000060 %
	VelSens: 50.00000000 %
	Volume: -5.47502761 dB
	Branch1: 33.29633176 %
	Branch2: 17.57818311 %
	Branch3: 30.68251014 %
	Branch4: 20.72229236 %
	Branch5: 10.12124941 %
	Branch6: 13.90341222 %
	Branch7: 31.52168095 %
	Branch8: 15.94619453 %
	Branch9: 21.90665156 %
	Branch10: 4.18843925 %
	Branch11: 17.30491966 %
	Branch12: 16.88374877 %
	Seed: 0xccbc5f07
	Pitch: -1.00994587
	Cloned: true
	Genome: {
		env_time: 0.75254798
		env_loop: 0.26651531
		env_tilt: 0.73966938
		vol_atk: 0.12954658
		vol_dcy: 0.72848576
		vol_sus: 0.96575588
		mod_atk: 0.06839454
		mod_dcy: 0.80668885
		mod_sh: 0.41760790
		mod_vel: 0.00000000
		lfo_rate: 0.43041456
		lfo_amt: 0.49387342
		lfo_bal: 0.74434400
		a_form: 0.77941710
		a_noise: 0.65383577
		a_color: 0.73375547
		a_freq: 0.66832435
		a_mod: 0.43560487
		b_form: 0.69614846
		b_noise: 0.71453840
		b_freq: 0.65316385
		b_mod: 0.48282993
		b_sh: 0.46559536
		fm_amt: 0.33605969
		fm_mod: 0.30879098
		sub_am: 0.93484473
		balance: 0.66363722
		flt_freq: 0.65249872
		flt_mod: 0.43009961
		flt_sep: 0.68897700
		flt_q: 0.44472134
		flt_kf: 0.30246365
		fx_mix: 0.80935603
		fx_len: 0.63053870
		fx_damp: 0.20828521
		fx_chors: 0.54543114
		fx_size: 0.39480501
	}
}
