SynplantPatch: {
	Version: 10
	Implementation: 2
	Name: "106 Bass Nice Funky V1"
	ModWheel: 0.00000000 %
	Rotation: 0.00000000 degrees
	Tuning: +0.00000000 ct 
	Atonality: 50.00000000 %
	Effect: -100.00000000 %
	Release: 508.28904198 ms 
	WheelScale: 27.50000060 %
	VelSens: 50.00000000 %
	Volume: 6.65762932 dB
	Branch1: 0.00000000 %
	Branch2: 0.00000000 %
	Branch3: 0.00000000 %
	Branch4: 0.00000000 %
	Branch5: 0.00000000 %
	Branch6: 0.00000000 %
	Branch7: 0.00000000 %
	Branch8: 0.00000000 %
	Branch9: 0.00000000 %
	Branch10: 0.00000000 %
	Branch11: 0.00000000 %
	Branch12: 0.00000000 %
	Seed: 0x00000005
	Pitch: 0.00000000
	Cloned: true
	Genome: {
		env_time: 0.37227148
		env_loop: 0.74649310
		env_tilt: 0.19796586
		vol_atk: 0.30785319
		vol_dcy: 0.68240023
		vol_sus: 0.61527300
		mod_atk: 0.89289302
		mod_dcy: 0.04732595
		mod_sh: 0.16543522
		mod_vel: 0.00000000
		lfo_rate: 0.62789577
		lfo_amt: 0.53062606
		lfo_bal: 0.48182535
		a_form: 0.24700885
		a_noise: 0.73812258
		a_color: 0.41519058
		a_freq: 0.16730352
		a_mod: 0.57185137
		b_form: 0.85513109
		b_noise: 0.09291422
		b_freq: 0.66471589
		b_mod: 0.42521486
		b_sh: 0.30499738
		fm_amt: 0.48337209
		fm_mod: 0.63902426
		sub_am: 0.76923078
		balance: 0.50948495
		flt_freq: 0.53433192
		flt_mod: 0.96432233
		flt_sep: 0.56714994
		flt_q: 0.43146402
		flt_kf: 1.00000000
		fx_mix: 0.09113960
		fx_len: 0.26609021
		fx_damp: 0.52224046
		fx_chors: 0.27905101
		fx_size: 0.32354009
	}
}
