SynplantPatch: {
	Version: 10
	Implementation: 2
	Name: "SC Shortwave Voices"
	ModWheel: 0.00000000 %
	Rotation: 0.00000000 degrees
	Tuning: +0.00000000 ct 
	Atonality: 50.00000000 %
	Effect: 0.00000000 %
	Release: 238.21203631 ms 
	WheelScale: 30.00000119 %
	VelSens: 50.00000000 %
	Volume: 1.62295515 dB
	Branch1: 16.72069579 %
	Branch2: 31.94900453 %
	Branch3: 16.14523977 %
	Branch4: 25.47889054 %
	Branch5: 21.96512818 %
	Branch6: 16.49141312 %
	Branch7: 22.86287248 %
	Branch8: 23.43370020 %
	Branch9: 21.11036032 %
	Branch10: 10.86219400 %
	Branch11: 17.51403511 %
	Branch12: 24.15239364 %
	Seed: 0x00000001
	Pitch: 0.00000000
	Cloned: false
	Genome: {
		env_time: 0.64642036
		env_loop: 0.78728229
		env_tilt: 0.28556755
		vol_atk: 0.60982233
		vol_dcy: 0.80776805
		vol_sus: 0.51231426
		mod_atk: 0.30859858
		mod_dcy: 0.30283761
		mod_sh: 0.66775042
		mod_vel: 0.00000000
		lfo_rate: 0.58813900
		lfo_amt: 0.98271900
		lfo_bal: 0.02922007
		a_form: 0.14667770
		a_noise: 0.48659790
		a_color: 0.38758489
		a_freq: 0.08782358
		a_mod: 0.86870939
		b_form: 0.52545035
		b_noise: 0.54517794
		b_freq: 0.88667732
		b_mod: 0.62041092
		b_sh: 0.81606996
		fm_amt: 0.29896924
		fm_mod: 0.44740182
		sub_am: 0.18574727
		balance: 0.67944968
		flt_freq: 0.62448305
		flt_mod: 0.75454861
		flt_sep: 0.61353010
		flt_q: 0.96679860
		flt_kf: 1.00000000
		fx_mix: 0.41568017
		fx_len: 0.06220387
		fx_damp: 0.83196133
		fx_chors: 0.24086283
		fx_size: 0.56410295
	}
}
