SynplantPatch: {
	Version: 10
	Implementation: 2
	Name: "horribleSH v1"
	ModWheel: 0.00000000 %
	Rotation: 0.00000000 degrees
	Tuning: +0.00000000 ct 
	Atonality: 73.90347123 %
	Effect: 0.00000000 %
	Release: 3.73046745 s 
	WheelScale: 100.00000000 %
	VelSens: 50.00000000 %
	Volume: 7.24043045 dB
	Branch1: 0.00000000 %
	Branch2: 11.62609085 %
	Branch3: 14.31991160 %
	Branch4: 22.05271423 %
	Branch5: 21.11036032 %
	Branch6: 17.83387512 %
	Branch7: 33.06986988 %
	Branch8: 0.00000000 %
	Branch9: 24.77836311 %
	Branch10: 15.81299305 %
	Branch11: 22.27100879 %
	Branch12: 18.29369366 %
	Seed: 0x00000001
	Pitch: 0.00000000
	Cloned: false
	Genome: {
		env_time: 0.18980186
		env_loop: 0.03429694
		env_tilt: 0.21849015
		vol_atk: 0.32131514
		vol_dcy: 0.95445901
		vol_sus: 0.80049938
		mod_atk: 0.56534541
		mod_dcy: 0.05545178
		mod_sh: 0.70880514
		mod_vel: 0.00000000
		lfo_rate: 0.49803311
		lfo_amt: 0.44575083
		lfo_bal: 0.76845270
		a_form: 0.09996576
		a_noise: 0.16397735
		a_color: 0.16411249
		a_freq: 0.49388120
		a_mod: 0.85097003
		b_form: 0.59898543
		b_noise: 0.69844139
		b_freq: 0.91726792
		b_mod: 0.56758535
		b_sh: 0.79919547
		fm_amt: 0.79189199
		fm_mod: 0.05020219
		sub_am: 0.22751832
		balance: 0.92052495
		flt_freq: 0.97710186
		flt_mod: 0.16240959
		flt_sep: 0.60060775
		flt_q: 0.91469550
		flt_kf: 1.00000000
		fx_mix: 0.72493857
		fx_len: 0.93169910
		fx_damp: 0.36866567
		fx_chors: 0.22592279
		fx_size: 0.93515074
	}
}
