SynplantPatch: {
	Version: 10
	Implementation: 2
	Name: "vibrosawV1"
	ModWheel: 0.00000000 %
	Rotation: 0.00000000 degrees
	Tuning: +0.00000000 ct 
	Atonality: 50.00000000 %
	Effect: 0.00000000 %
	Release: 4.99178455 s 
	WheelScale: 63.74999881 %
	VelSens: 50.00000000 %
	Volume: 0.00000000 dB
	Branch1: 0.00000000 %
	Branch2: 0.00000000 %
	Branch3: 0.00000000 %
	Branch4: 0.00000000 %
	Branch5: 0.00000000 %
	Branch6: 0.00000000 %
	Branch7: 0.00000000 %
	Branch8: 0.00000000 %
	Branch9: 0.00000000 %
	Branch10: 0.00000000 %
	Branch11: 0.00000000 %
	Branch12: 0.00000000 %
	Seed: 0x29956bbe
	Pitch: -1.73464584
	Cloned: true
	Genome: {
		env_time: 0.50000000
		env_loop: 1.00000000
		env_tilt: 0.54560596
		vol_atk: 0.79908508
		vol_dcy: 0.27672815
		vol_sus: 0.82314700
		mod_atk: 0.42200303
		mod_dcy: 0.06869942
		mod_sh: 0.00000000
		mod_vel: 0.00000000
		lfo_rate: 0.58430856
		lfo_amt: 0.95542210
		lfo_bal: 0.70073503
		a_form: 0.04653227
		a_noise: 0.34885311
		a_color: 0.69235373
		a_freq: 0.78910768
		a_mod: 0.50000000
		b_form: 0.47951996
		b_noise: 0.15278459
		b_freq: 0.68384743
		b_mod: 0.50000000
		b_sh: 0.00000000
		fm_amt: 0.46479964
		fm_mod: 0.50000000
		sub_am: 0.88581079
		balance: 0.93298101
		flt_freq: 0.03187060
		flt_mod: 0.92867142
		flt_sep: 0.81959671
		flt_q: 0.08957314
		flt_kf: 1.00000000
		fx_mix: 0.60963041
		fx_len: 0.28255409
		fx_damp: 0.48319662
		fx_chors: 0.73074436
		fx_size: 0.08953486
	}
}
