SynplantPatch: {
	Version: 10
	Implementation: 10
	Name: "TJ Glocken Gold"
	ModWheel: 34.79551673 %
	Rotation: 0.00000000 degrees
	Tuning: +12.00000000 sm 
	Atonality: 20.98063678 %
	Effect: 0.00000000 %
	Release: 3.68813567 s 
	WheelScale: 100.00000000 %
	VelSens: 50.00000000 %
	Volume: 3.39850003 dB
	Branch1: 0.00000000 %
	Branch2: 0.00000000 %
	Branch3: 0.00000000 %
	Branch4: 0.00000000 %
	Branch5: 0.00000000 %
	Branch6: 0.00000000 %
	Branch7: 0.00000000 %
	Branch8: 0.00000000 %
	Branch9: 0.00000000 %
	Branch10: 0.00000000 %
	Branch11: 0.00000000 %
	Branch12: 0.00000000 %
	Seed: 0x59439c9c
	Pitch: -3.00083017
	Cloned: false
	Genome: {
		env_time: 0.25823641
		env_loop: 0.65976429
		env_tilt: 0.02136815
		vol_atk: 0.33576471
		vol_dcy: 0.83317471
		vol_sus: 0.76270175
		mod_atk: 0.26759523
		mod_dcy: 0.99371338
		mod_sh: 0.43920380
		mod_vel: 0.50000000
		lfo_rate: 0.56772929
		lfo_amt: 0.56566149
		lfo_bal: 0.03416121
		a_form: 0.37308025
		a_noise: 0.46343076
		a_color: 0.38718510
		a_freq: 0.83347172
		a_mod: 0.54348910
		b_form: 0.85016572
		b_noise: 0.14783156
		b_freq: 0.70461392
		b_mod: 0.46481895
		b_sh: 0.15998423
		fm_amt: 0.59281301
		fm_mod: 0.74979496
		sub_am: 0.25000000
		balance: 0.07887101
		flt_freq: 0.71471703
		flt_mod: 0.36696607
		flt_sep: 0.09509003
		flt_q: 0.75696385
		flt_kf: 0.53686392
		fx_mix: 0.24559855
		fx_len: 0.89683771
		fx_damp: 0.39811778
		fx_chors: 0.35813230
		fx_size: 0.36609706
	}
}
