SynplantPatch: {
	Version: 10
	Implementation: 10
	Name: "AZ A-Xylem"
	ModWheel: 55.11810780 %
	Rotation: 0.00000000 degrees
	Tuning: +0.00000000 ct 
	Atonality: 10.17496288 %
	Effect: 0.00000000 %
	Release: 3.92474026 s 
	WheelScale: 63.74999881 %
	VelSens: 0.00000000 %
	Volume: -3.04006263 dB
	Branch1: 0.00000000 %
	Branch2: 0.00000000 %
	Branch3: 0.00000000 %
	Branch4: 0.00000000 %
	Branch5: 0.00000000 %
	Branch6: 0.00000000 %
	Branch7: 0.00000000 %
	Branch8: 0.00000000 %
	Branch9: 0.00000000 %
	Branch10: 0.00000000 %
	Branch11: 0.00000000 %
	Branch12: 0.00000000 %
	Seed: 0x93b66845
	Pitch: -0.00005293
	Cloned: true
	Genome: {
		env_time: 0.28605646
		env_loop: 0.62276888
		env_tilt: 0.06509465
		vol_atk: 0.36283785
		vol_dcy: 0.27007210
		vol_sus: 0.73864830
		mod_atk: 0.67525697
		mod_dcy: 0.13593888
		mod_sh: 0.73376173
		mod_vel: 0.00708246
		lfo_rate: 0.25498652
		lfo_amt: 0.48297930
		lfo_bal: 0.19771683
		a_form: 0.88129324
		a_noise: 0.63820207
		a_color: 0.13329172
		a_freq: 0.50000882
		a_mod: 0.40670097
		b_form: 0.71092695
		b_noise: 0.04280460
		b_freq: 0.98674870
		b_mod: 0.09244740
		b_sh: 0.60136503
		fm_amt: 0.97402978
		fm_mod: 0.22346610
		sub_am: 0.01623333
		balance: 0.58486408
		flt_freq: 0.42506045
		flt_mod: 0.66778421
		flt_sep: 0.70954543
		flt_q: 0.77641076
		flt_kf: 0.76643431
		fx_mix: 0.88272345
		fx_len: 0.55385381
		fx_damp: 0.89434695
		fx_chors: 0.95828408
		fx_size: 0.49599731
	}
}
