SynplantPatch: {
	Version: 10
	Implementation: 10
	Name: "AZ Forever Rasping"
	ModWheel: 83.46456885 %
	Rotation: 0.00000000 degrees
	Tuning: +0.00000000 ct 
	Atonality: 11.46566123 %
	Effect: 0.00000000 %
	Release: 2.95129414 s 
	WheelScale: 75.00000000 %
	VelSens: 0.00000000 %
	Volume: -11.34081389 dB
	Branch1: 0.00000000 %
	Branch2: 0.00000000 %
	Branch3: 0.00000000 %
	Branch4: 0.00000000 %
	Branch5: 0.00000000 %
	Branch6: 0.00000000 %
	Branch7: 0.00000000 %
	Branch8: 0.00000000 %
	Branch9: 0.00000000 %
	Branch10: 0.00000000 %
	Branch11: 0.00000000 %
	Branch12: 0.00000000 %
	Seed: 0x1ea152ac
	Pitch: 0.00000000
	Cloned: true
	Genome: {
		env_time: 0.82274383
		env_loop: 0.56637549
		env_tilt: 0.69336963
		vol_atk: 0.44095522
		vol_dcy: 0.70512682
		vol_sus: 0.69171673
		mod_atk: 0.85752630
		mod_dcy: 0.51238132
		mod_sh: 0.52087647
		mod_vel: 0.30721188
		lfo_rate: 0.60611367
		lfo_amt: 0.49893656
		lfo_bal: 0.41215983
		a_form: 0.92795289
		a_noise: 0.75385445
		a_color: 0.47267094
		a_freq: 0.33333334
		a_mod: 0.50000465
		b_form: 0.40140402
		b_noise: 0.44601262
		b_freq: 0.87651658
		b_mod: 0.46016809
		b_sh: 0.55543905
		fm_amt: 0.95405674
		fm_mod: 0.83348745
		sub_am: 0.68070465
		balance: 0.60069883
		flt_freq: 0.62252891
		flt_mod: 0.82496357
		flt_sep: 0.42827517
		flt_q: 0.36857146
		flt_kf: 0.14183545
		fx_mix: 0.36878443
		fx_len: 0.42754900
		fx_damp: 0.47182572
		fx_chors: 0.44657966
		fx_size: 0.86941206
	}
}
