SynplantPatch: {
	Version: 10
	Implementation: 10
	Name: "AZ Percussive Strings"
	ModWheel: 29.13385928 %
	Rotation: 0.00000000 degrees
	Tuning: +0.00000000 ct 
	Atonality: 26.69866979 %
	Effect: 0.00000000 %
	Release: 7.14480887 s 
	WheelScale: 100.00000000 %
	VelSens: 50.00000000 %
	Volume: 2.08673128 dB
	Branch1: 0.00000000 %
	Branch2: 0.00000000 %
	Branch3: 0.00000000 %
	Branch4: 0.00000000 %
	Branch5: 0.00000000 %
	Branch6: 0.00000000 %
	Branch7: 0.00000000 %
	Branch8: 0.00000000 %
	Branch9: 0.00000000 %
	Branch10: 0.00000000 %
	Branch11: 0.00000000 %
	Branch12: 0.00000000 %
	Seed: 0x6bc7843a
	Pitch: 0.00000000
	Cloned: true
	Genome: {
		env_time: 0.17352819
		env_loop: 0.02773029
		env_tilt: 0.45197713
		vol_atk: 0.02089584
		vol_dcy: 0.30354786
		vol_sus: 0.77295887
		mod_atk: 0.57628608
		mod_dcy: 0.27558184
		mod_sh: 0.73487496
		mod_vel: 0.31335902
		lfo_rate: 0.65288454
		lfo_amt: 0.63606644
		lfo_bal: 0.76254684
		a_form: 0.85646462
		a_noise: 0.71042043
		a_color: 0.91168869
		a_freq: 0.66666669
		a_mod: 0.48543823
		b_form: 0.34777498
		b_noise: 0.41411078
		b_freq: 0.48816025
		b_mod: 0.41089821
		b_sh: 0.77481925
		fm_amt: 0.20258588
		fm_mod: 0.29726166
		sub_am: 0.56639159
		balance: 0.01960939
		flt_freq: 0.10331029
		flt_mod: 0.81101680
		flt_sep: 0.46299702
		flt_q: 0.84125525
		flt_kf: 0.45620227
		fx_mix: 0.54096162
		fx_len: 0.65686315
		fx_damp: 0.51288599
		fx_chors: 0.18123245
		fx_size: 0.65391701
	}
}
