SynplantPatch: {
	Version: 10
	Implementation: 10
	Name: "elv Nearly normal"
	ModWheel: 0.00000000 %
	Rotation: 0.00000000 degrees
	Tuning: +0.00000000 ct 
	Atonality: 50.00000000 %
	Effect: -25.54773688 %
	Release: 5.48299910 s 
	WheelScale: 17.00000018 %
	VelSens: 50.00000000 %
	Volume: 0.00000000 dB
	Branch1: 0.00000000 %
	Branch2: 0.00000000 %
	Branch3: 0.00000000 %
	Branch4: 0.00000000 %
	Branch5: 0.00000000 %
	Branch6: 0.00000000 %
	Branch7: 0.00000000 %
	Branch8: 0.00000000 %
	Branch9: 0.00000000 %
	Branch10: 0.00000000 %
	Branch11: 0.00000000 %
	Branch12: 0.00000000 %
	Seed: 0xb5217bcc
	Pitch: -0.00000012
	Cloned: false
	Genome: {
		env_time: 0.64567149
		env_loop: 0.62557805
		env_tilt: 0.06723928
		vol_atk: 0.13909918
		vol_dcy: 0.59160137
		vol_sus: 0.09590834
		mod_atk: 0.00000000
		mod_dcy: 0.00000000
		mod_sh: 0.21239579
		mod_vel: 0.73217177
		lfo_rate: 0.95042890
		lfo_amt: 0.22639269
		lfo_bal: 0.10761333
		a_form: 0.56443119
		a_noise: 0.44650656
		a_color: 0.06085348
		a_freq: 0.16666669
		a_mod: 0.34526294
		b_form: 0.00000000
		b_noise: 0.00000000
		b_freq: 0.18724355
		b_mod: 0.04138992
		b_sh: 0.00000000
		fm_amt: 0.45443988
		fm_mod: 0.09444886
		sub_am: 0.70844948
		balance: 0.27464032
		flt_freq: 0.81597161
		flt_mod: 0.05739224
		flt_sep: 0.16711259
		flt_q: 0.13487440
		flt_kf: 0.54400557
		fx_mix: 0.86199319
		fx_len: 0.31552488
		fx_damp: 0.95662421
		fx_chors: 0.92552245
		fx_size: 0.50000000
	}
}
