SynplantPatch: {
	Version: 10
	Implementation: 10
	Name: "ELX Distort It Please"
	ModWheel: 0.00000000 %
	Rotation: 0.00000000 degrees
	Tuning: +0.00000000 ct 
	Atonality: 35.32356024 %
	Effect: 19.16111708 %
	Release: 1.79205820 s 
	WheelScale: 69.51219440 %
	VelSens: 50.00000000 %
	Volume: 0.00000000 dB
	Branch1: 0.00000000 %
	Branch2: 0.00000000 %
	Branch3: 0.00000000 %
	Branch4: 0.00000000 %
	Branch5: 0.00000000 %
	Branch6: 0.00000000 %
	Branch7: 0.00000000 %
	Branch8: 0.00000000 %
	Branch9: 0.00000000 %
	Branch10: 0.00000000 %
	Branch11: 0.00000000 %
	Branch12: 0.00000000 %
	Seed: 0x117e8cd3
	Pitch: 0.00000000
	Cloned: false
	Genome: {
		env_time: 1.00000000
		env_loop: 1.00000000
		env_tilt: 0.00000000
		vol_atk: 0.80413741
		vol_dcy: 0.95652997
		vol_sus: 0.79840791
		mod_atk: 0.64528573
		mod_dcy: 0.90596831
		mod_sh: 0.33683729
		mod_vel: 0.62757838
		lfo_rate: 0.96218425
		lfo_amt: 0.82043529
		lfo_bal: 0.70732921
		a_form: 0.35010564
		a_noise: 0.75809824
		a_color: 0.18975967
		a_freq: 0.66666669
		a_mod: 0.50000000
		b_form: 0.23348433
		b_noise: 0.34058583
		b_freq: 0.49148095
		b_mod: 0.50000000
		b_sh: 0.38846010
		fm_amt: 0.20405531
		fm_mod: 0.39292106
		sub_am: 0.62892509
		balance: 0.56896651
		flt_freq: 0.83044654
		flt_mod: 0.53909808
		flt_sep: 0.67419440
		flt_q: 0.46341407
		flt_kf: 0.80890423
		fx_mix: 0.42833379
		fx_len: 0.18124914
		fx_damp: 0.53183395
		fx_chors: 0.99402708
		fx_size: 0.19956133
	}
}
