SynplantPatch: {
	Version: 10
	Implementation: 10
	Name: "ELX Dirty Sax"
	ModWheel: 0.00000000 %
	Rotation: 0.00000000 degrees
	Tuning: +1.52457476 sm 
	Atonality: 18.25986356 %
	Effect: 13.65432739 %
	Release: 137.47704070 ms 
	WheelScale: 100.00000000 %
	VelSens: 50.00000000 %
	Volume: -3.04006072 dB
	Branch1: 0.00000000 %
	Branch2: 0.00000000 %
	Branch3: 0.00000000 %
	Branch4: 0.00000000 %
	Branch5: 0.00000000 %
	Branch6: 0.00000000 %
	Branch7: 0.00000000 %
	Branch8: 0.00000000 %
	Branch9: 0.00000000 %
	Branch10: 0.00000000 %
	Branch11: 0.00000000 %
	Branch12: 0.00000000 %
	Seed: 0xa6d2814b
	Pitch: 0.00000000
	Cloned: false
	Genome: {
		env_time: 0.77633435
		env_loop: 0.70578176
		env_tilt: 0.42741621
		vol_atk: 0.51920229
		vol_dcy: 0.48952556
		vol_sus: 0.43234304
		mod_atk: 0.49085888
		mod_dcy: 0.50965595
		mod_sh: 0.88918078
		mod_vel: 0.46383739
		lfo_rate: 0.55689919
		lfo_amt: 0.00000000
		lfo_bal: 0.48348573
		a_form: 0.92412698
		a_noise: 0.65695506
		a_color: 0.08587685
		a_freq: 0.64209086
		a_mod: 0.57161629
		b_form: 0.89851439
		b_noise: 0.64659727
		b_freq: 0.50018436
		b_mod: 0.46824744
		b_sh: 0.38096949
		fm_amt: 0.19235063
		fm_mod: 0.40274310
		sub_am: 0.84320617
		balance: 0.73476887
		flt_freq: 0.53028548
		flt_mod: 0.30024928
		flt_sep: 0.57349849
		flt_q: 0.15061888
		flt_kf: 0.36917487
		fx_mix: 0.43580621
		fx_len: 0.49695453
		fx_damp: 0.23141935
		fx_chors: 0.71107948
		fx_size: 0.76543963
	}
}
