SynplantPatch: {
	Version: 10
	Implementation: 10
	Name: "ELX Smooth Bass Mostly Dry"
	ModWheel: 0.00000000 %
	Rotation: 0.00000000 degrees
	Tuning: +0.00000000 ct 
	Atonality: 0.00000000 %
	Effect: -41.47232771 %
	Release: 433.08210957 ms 
	WheelScale: 69.51219440 %
	VelSens: 50.00000000 %
	Volume: 6.98233304 dB
	Branch1: 0.00000000 %
	Branch2: 0.00000000 %
	Branch3: 0.00000000 %
	Branch4: 0.00000000 %
	Branch5: 0.00000000 %
	Branch6: 0.00000000 %
	Branch7: 0.00000000 %
	Branch8: 0.00000000 %
	Branch9: 0.00000000 %
	Branch10: 0.00000000 %
	Branch11: 0.00000000 %
	Branch12: 0.00000000 %
	Seed: 0xbee7fb24
	Pitch: 0.00000000
	Cloned: false
	Genome: {
		env_time: 0.45639256
		env_loop: 0.70718026
		env_tilt: 0.25919557
		vol_atk: 0.37005556
		vol_dcy: 0.37373668
		vol_sus: 0.37642434
		mod_atk: 0.55377895
		mod_dcy: 0.59249073
		mod_sh: 0.50841588
		mod_vel: 0.11481032
		lfo_rate: 0.68886560
		lfo_amt: 0.21586049
		lfo_bal: 0.30943263
		a_form: 0.79625440
		a_noise: 0.45536453
		a_color: 0.73398143
		a_freq: 0.16666667
		a_mod: 0.50000000
		b_form: 0.12114480
		b_noise: 0.54443347
		b_freq: 0.31808844
		b_mod: 0.50000000
		b_sh: 0.36656970
		fm_amt: 0.53851664
		fm_mod: 0.36411086
		sub_am: 0.69827670
		balance: 0.24881962
		flt_freq: 0.60630548
		flt_mod: 0.61366916
		flt_sep: 0.67405069
		flt_q: 0.59904456
		flt_kf: 0.25065440
		fx_mix: 0.50491381
		fx_len: 0.32590961
		fx_damp: 0.63607758
		fx_chors: 0.70219380
		fx_size: 0.63344753
	}
}
