SynplantPatch: {
	Version: 10
	Implementation: 10
	Name: "ELX Timeless"
	ModWheel: 0.00000000 %
	Rotation: 0.00000000 degrees
	Tuning: -5.98468494 sm 
	Atonality: 0.00000000 %
	Effect: 16.94662571 %
	Release: 6.77265505 s 
	WheelScale: 69.51219440 %
	VelSens: 50.00000000 %
	Volume: 1.37425700 dB
	Branch1: 0.00000000 %
	Branch2: 0.00000000 %
	Branch3: 0.00000000 %
	Branch4: 0.00000000 %
	Branch5: 0.00000000 %
	Branch6: 0.00000000 %
	Branch7: 0.00000000 %
	Branch8: 0.00000000 %
	Branch9: 0.00000000 %
	Branch10: 0.00000000 %
	Branch11: 0.00000000 %
	Branch12: 0.00000000 %
	Seed: 0xa228bfd7
	Pitch: -0.00788593
	Cloned: false
	Genome: {
		env_time: 0.95046759
		env_loop: 0.44073361
		env_tilt: 0.87707716
		vol_atk: 0.16860402
		vol_dcy: 0.14571500
		vol_sus: 0.58820248
		mod_atk: 0.13035125
		mod_dcy: 1.00000000
		mod_sh: 0.60930765
		mod_vel: 0.49038494
		lfo_rate: 0.80243719
		lfo_amt: 0.39273703
		lfo_bal: 0.61129093
		a_form: 0.68732756
		a_noise: 0.65680397
		a_color: 0.29013935
		a_freq: 0.75194335
		a_mod: 0.50166839
		b_form: 0.68349117
		b_noise: 0.48976886
		b_freq: 0.50591511
		b_mod: 0.50411946
		b_sh: 0.17514262
		fm_amt: 0.45368227
		fm_mod: 0.00000000
		sub_am: 0.98582363
		balance: 0.65845478
		flt_freq: 0.72665751
		flt_mod: 0.23608464
		flt_sep: 0.68573773
		flt_q: 0.32117689
		flt_kf: 0.24184752
		fx_mix: 0.58941376
		fx_len: 0.72754395
		fx_damp: 0.87875301
		fx_chors: 0.64960474
		fx_size: 0.58860862
	}
}
