SynplantPatch: {
	Version: 10
	Implementation: 10
	Name: "NE Disturbounce"
	ModWheel: 0.00000000 %
	Rotation: 270.00000000 degrees
	Tuning: -5.06866121 sm 
	Atonality: 12.65151352 %
	Effect: -40.66505432 %
	Release: 4.59159728 s 
	WheelScale: 100.00000000 %
	VelSens: 50.00000000 %
	Volume: 5.14315805 dB
	Branch1: 0.00000000 %
	Branch2: 0.00000000 %
	Branch3: 0.00000000 %
	Branch4: 0.00000000 %
	Branch5: 0.00000000 %
	Branch6: 0.00000000 %
	Branch7: 0.00000000 %
	Branch8: 0.00000000 %
	Branch9: 0.00000000 %
	Branch10: 0.00000000 %
	Branch11: 0.00000000 %
	Branch12: 0.00000000 %
	Seed: 0xb9e88193
	Pitch: -0.33856130
	Cloned: false
	Genome: {
		env_time: 0.53532159
		env_loop: 0.25090313
		env_tilt: 0.29036611
		vol_atk: 0.51920664
		vol_dcy: 0.25309503
		vol_sus: 0.71020186
		mod_atk: 0.34642160
		mod_dcy: 0.12611747
		mod_sh: 0.14904559
		mod_vel: 0.38918161
		lfo_rate: 0.95254368
		lfo_amt: 0.22202855
		lfo_bal: 0.29055184
		a_form: 0.79270715
		a_noise: 0.05349314
		a_color: 0.13342845
		a_freq: 0.55642688
		a_mod: 0.59379423
		b_form: 0.12559211
		b_noise: 0.18714285
		b_freq: 0.62364030
		b_mod: 0.42140174
		b_sh: 0.64218265
		fm_amt: 0.05035305
		fm_mod: 0.75713730
		sub_am: 0.77500069
		balance: 0.33671868
		flt_freq: 0.64978749
		flt_mod: 0.97070682
		flt_sep: 0.67005962
		flt_q: 0.10811555
		flt_kf: 0.52946150
		fx_mix: 0.41239235
		fx_len: 0.94936597
		fx_damp: 0.70734662
		fx_chors: 0.65922546
		fx_size: 0.00000000
	}
}
