SynplantPatch: {
	Version: 10
	Implementation: 10
	Name: "NE TransiTioner"
	ModWheel: 0.00000000 %
	Rotation: 0.00000000 degrees
	Tuning: +0.00000000 ct 
	Atonality: 100.00000000 %
	Effect: 31.25883341 %
	Release: 50.00000000 ms 
	WheelScale: 100.00000000 %
	VelSens: 50.00000000 %
	Volume: -6.41386673 dB
	Branch1: 65.55960178 %
	Branch2: 81.60949349 %
	Branch3: 80.75635433 %
	Branch4: 73.90907407 %
	Branch5: 83.34839940 %
	Branch6: 54.33195233 %
	Branch7: 77.49547958 %
	Branch8: 65.65293670 %
	Branch9: 68.59183311 %
	Branch10: 58.20384026 %
	Branch11: 69.82744336 %
	Branch12: 90.49660563 %
	Seed: 0x3435f558
	Pitch: 0.00000000
	Cloned: false
	Genome: {
		env_time: 0.72636950
		env_loop: 0.63958985
		env_tilt: 0.53537416
		vol_atk: 0.71033227
		vol_dcy: 0.79001832
		vol_sus: 0.58131921
		mod_atk: 0.36210293
		mod_dcy: 0.17237288
		mod_sh: 0.18066895
		mod_vel: 0.40868619
		lfo_rate: 0.53981203
		lfo_amt: 0.98823941
		lfo_bal: 0.16273767
		a_form: 0.40951681
		a_noise: 0.71210450
		a_color: 0.72675312
		a_freq: 0.66666669
		a_mod: 0.50961483
		b_form: 0.64601982
		b_noise: 0.66204256
		b_freq: 0.98227286
		b_mod: 0.22748637
		b_sh: 0.34424049
		fm_amt: 0.08967549
		fm_mod: 0.23561069
		sub_am: 0.28506741
		balance: 0.58082062
		flt_freq: 0.63303196
		flt_mod: 0.44741866
		flt_sep: 0.81841183
		flt_q: 0.90000486
		flt_kf: 0.32757273
		fx_mix: 0.39046073
		fx_len: 0.65642399
		fx_damp: 0.85468423
		fx_chors: 0.49891329
		fx_size: 0.56110114
	}
}
