SynplantPatch: {
	Version: 10
	Implementation: 10
	Name: "NE Wheel Dynamix"
	ModWheel: 0.00000000 %
	Rotation: 0.00000000 degrees
	Tuning: -12.00000000 sm 
	Atonality: 0.00000000 %
	Effect: 0.00000000 %
	Release: 2.65247458 s 
	WheelScale: 100.00000000 %
	VelSens: 50.00000000 %
	Volume: 2.75006797 dB
	Branch1: 41.73228443 %
	Branch2: 41.73228443 %
	Branch3: 41.73228443 %
	Branch4: 41.73228443 %
	Branch5: 41.73228443 %
	Branch6: 41.73228443 %
	Branch7: 41.73228443 %
	Branch8: 41.73228443 %
	Branch9: 41.73228443 %
	Branch10: 41.73228443 %
	Branch11: 41.73228443 %
	Branch12: 41.73228443 %
	Seed: 0xe0b46990
	Pitch: 0.00000000
	Cloned: true
	Genome: {
		env_time: 0.22870263
		env_loop: 0.57804328
		env_tilt: 0.11835164
		vol_atk: 0.17650032
		vol_dcy: 0.27000493
		vol_sus: 0.75348520
		mod_atk: 0.70370102
		mod_dcy: 0.08562914
		mod_sh: 0.46090162
		mod_vel: 0.51349741
		lfo_rate: 0.64436769
		lfo_amt: 0.78159821
		lfo_bal: 0.48752886
		a_form: 0.52251190
		a_noise: 0.32730997
		a_color: 0.25343952
		a_freq: 0.66666669
		a_mod: 0.50000000
		b_form: 0.50455511
		b_noise: 0.23069790
		b_freq: 0.56125027
		b_mod: 0.50000000
		b_sh: 0.56203604
		fm_amt: 0.70660073
		fm_mod: 0.43705609
		sub_am: 0.55291665
		balance: 0.63421178
		flt_freq: 0.33881289
		flt_mod: 0.95478964
		flt_sep: 0.06722221
		flt_q: 0.31396523
		flt_kf: 0.38951826
		fx_mix: 0.55417049
		fx_len: 0.34664279
		fx_damp: 0.34318376
		fx_chors: 0.67633808
		fx_size: 0.56184214
	}
}
