SynplantPatch: {
	Version: 10
	Implementation: 10
	Name: "CS Felinus Vegetalis"
	ModWheel: 0.00000000 %
	Rotation: 0.00000000 degrees
	Tuning: +0.00000000 ct 
	Atonality: 100.00000000 %
	Effect: 45.19752264 %
	Release: 1.79917413 s 
	WheelScale: 100.00000000 %
	VelSens: 50.00000000 %
	Volume: -3.85290156 dB
	Branch1: 0.00000000 %
	Branch2: 0.00000000 %
	Branch3: 0.00000000 %
	Branch4: 0.00000000 %
	Branch5: 0.00000000 %
	Branch6: 0.00000000 %
	Branch7: 0.00000000 %
	Branch8: 0.00000000 %
	Branch9: 0.00000000 %
	Branch10: 0.00000000 %
	Branch11: 0.00000000 %
	Branch12: 0.00000000 %
	Seed: 0xc9d928ec
	Pitch: -0.49326706
	Cloned: false
	Genome: {
		env_time: 0.43414348,
		env_loop: 0.99953091,
		env_tilt: 0.64896941,
		vol_atk: 0.54074347,
		vol_dcy: 0.78777850,
		vol_sus: 0.09176105,
		mod_atk: 0.37497956,
		mod_dcy: 0.48162884,
		mod_sh: 0.46710044,
		mod_vel: 0.38991559,
		lfo_rate: 0.12362051,
		lfo_amt: 0.76881146,
		lfo_bal: 0.54192579,
		a_form: 0.53331184,
		a_noise: 0.26130366,
		a_color: 0.75272095,
		a_freq: 0.74887782,
		a_mod: 0.80350924,
		b_form: 0.39148521,
		b_noise: 0.90893960,
		b_freq: 0.18880343,
		b_mod: 0.70810258,
		b_sh: 0.22232878,
		fm_amt: 0.66923493,
		fm_mod: 0.57450604,
		sub_am: 0.74894118,
		balance: 0.15462810,
		flt_freq: 0.68728471,
		flt_mod: 0.54705781,
		flt_sep: 0.18810308,
		flt_q: 0.63297957,
		flt_kf: 0.53169107,
		fx_mix: 0.08844239,
		fx_len: 0.50040829,
		fx_damp: 0.65852726,
		fx_chors: 0.29366672,
		fx_size: 0.54143989
	}
}
