SynplantPatch: {
	Version: 10
	Implementation: 5
	Name: "EE Large Factory"
	ModWheel: 0.00000000 %
	Rotation: 0.00000000 degrees
	Tuning: +0.00000000 ct 
	Atonality: 0.00000000 %
	Effect: 100.00000000 %
	Release: 223.60679775 ms 
	WheelScale: 25.60975552 %
	VelSens: 50.00000000 %
	Volume: 15.21739926 dB
	Branch1: 0.00000000 %
	Branch2: 0.00000000 %
	Branch3: 0.00000000 %
	Branch4: 0.00000000 %
	Branch5: 0.00000000 %
	Branch6: 0.00000000 %
	Branch7: 0.00000000 %
	Branch8: 0.00000000 %
	Branch9: 0.00000000 %
	Branch10: 0.00000000 %
	Branch11: 0.00000000 %
	Branch12: 0.00000000 %
	Seed: 0x726cd286
	Pitch: -0.00000024
	Cloned: false
	Genome: {
		env_time: 0.18724155,
		env_loop: 0.14457607,
		env_tilt: 0.80569702,
		vol_atk: 0.23681813,
		vol_dcy: 0.16710663,
		vol_sus: 0.12457621,
		mod_atk: 0.14424640,
		mod_dcy: 0.10725743,
		mod_sh: 0.10815740,
		mod_vel: 0.50000000,
		lfo_rate: 0.13930321,
		lfo_amt: 0.04108167,
		lfo_bal: 0.65084195,
		a_form: 0.31394923,
		a_noise: 0.90283591,
		a_color: 0.85808372,
		a_freq: 0.33333337,
		a_mod: 0.50000000,
		b_form: 0.38475490,
		b_noise: 0.89021361,
		b_freq: 0.56855643,
		b_mod: 0.50000000,
		b_sh: 0.21628714,
		fm_amt: 0.26184034,
		fm_mod: 0.76250035,
		sub_am: 0.19506407,
		balance: 0.69509566,
		flt_freq: 0.45631695,
		flt_mod: 0.27909881,
		flt_sep: 0.96619093,
		flt_q: 0.47618711,
		flt_kf: 0.10833043,
		fx_mix: 0.97325826,
		fx_len: 0.99850154,
		fx_damp: 0.70007056,
		fx_chors: 0.64412653,
		fx_size: 0.25351977
	}
}
