SynplantPatch: {
	Version: 10
	Implementation: 10
	Name: "R7 Pitch Da Speed"
	ModWheel: 0.00000000 %
	Rotation: 0.00000000 degrees
	Tuning: +0.00000000 ct 
	Atonality: 84.76874828 %
	Effect: -20.68150640 %
	Release: 13.19038506 s 
	WheelScale: 54.87805009 %
	VelSens: 50.00000000 %
	Volume: 0.00000000 dB
	Branch1: 0.00000000 %
	Branch2: 0.00000000 %
	Branch3: 0.00000000 %
	Branch4: 0.00000000 %
	Branch5: 0.00000000 %
	Branch6: 0.00000000 %
	Branch7: 0.00000000 %
	Branch8: 0.00000000 %
	Branch9: 0.00000000 %
	Branch10: 0.00000000 %
	Branch11: 0.00000000 %
	Branch12: 0.00000000 %
	Seed: 0x00869fde
	Pitch: 0.00000000
	Cloned: false
	Genome: {
		env_time: 0.23251185
		env_loop: 0.00000000
		env_tilt: 0.00000000
		vol_atk: 0.22698818
		vol_dcy: 0.64677685
		vol_sus: 0.74549049
		mod_atk: 0.00000000
		mod_dcy: 0.00000000
		mod_sh: 0.00000000
		mod_vel: 0.00000000
		lfo_rate: 0.96755898
		lfo_amt: 0.57049972
		lfo_bal: 0.71607435
		a_form: 0.55937290
		a_noise: 0.45821166
		a_color: 0.29119205
		a_freq: 0.66666669
		a_mod: 0.00000000
		b_form: 0.77333295
		b_noise: 0.37168157
		b_freq: 0.00640559
		b_mod: 0.00000000
		b_sh: 0.00000000
		fm_amt: 0.28906742
		fm_mod: 0.00000000
		sub_am: 0.40177932
		balance: 0.27148238
		flt_freq: 0.62258005
		flt_mod: 0.84170079
		flt_sep: 0.98605269
		flt_q: 0.17090422
		flt_kf: 0.72983003
		fx_mix: 0.55704725
		fx_len: 0.54827154
		fx_damp: 0.66735464
		fx_chors: 0.87298578
		fx_size: 0.62261575
	}
}
