SynplantPatch: {
	Version: 10
	Implementation: 2
	Name: "metalrains v1"
	ModWheel: 0.00000000 %
	Rotation: 0.00000000 degrees
	Tuning: +0.00000000 ct 
	Atonality: 50.00000000 %
	Effect: 0.00000000 %
	Release: 811.88607279 ms 
	WheelScale: 75.00000000 %
	VelSens: 50.00000000 %
	Volume: 0.22747672 dB
	Branch1: 2.50587035 %
	Branch2: 2.11908054 %
	Branch3: 3.56808417 %
	Branch4: 3.26496400 %
	Branch5: 6.40916228 %
	Branch6: 3.56808417 %
	Branch7: 2.09473949 %
	Branch8: 5.61281145 %
	Branch9: 5.52557632 %
	Branch10: 7.74443150 %
	Branch11: 4.72990833 %
	Branch12: 4.66272011 %
	Seed: 0x00000005
	Pitch: 0.00000000
	Cloned: true
	Genome: {
		env_time: 0.63063496
		env_loop: 0.18025413
		env_tilt: 0.31508067
		vol_atk: 0.13948743
		vol_dcy: 0.21209477
		vol_sus: 0.81646967
		mod_atk: 0.14025496
		mod_dcy: 0.31384546
		mod_sh: 0.50080383
		mod_vel: 0.00000000
		lfo_rate: 0.75633425
		lfo_amt: 0.59381104
		lfo_bal: 0.73348540
		a_form: 0.26767221
		a_noise: 0.23875819
		a_color: 0.97287458
		a_freq: 0.75057465
		a_mod: 0.87575090
		b_form: 0.74132311
		b_noise: 0.26804754
		b_freq: 0.65288430
		b_mod: 0.93269992
		b_sh: 0.39238599
		fm_amt: 0.61689669
		fm_mod: 0.85805446
		sub_am: 0.11129134
		balance: 0.26967657
		flt_freq: 0.58256871
		flt_mod: 0.48387200
		flt_sep: 0.77939647
		flt_q: 0.72303659
		flt_kf: 1.00000000
		fx_mix: 0.99897158
		fx_len: 0.66872913
		fx_damp: 0.00127804
		fx_chors: 0.45415381
		fx_size: 0.01383891
	}
}
