SynplantPatch: {
	Version: 10
	Implementation: 10
	Name: "TJ LazerScape"
	ModWheel: 11.59885824 %
	Rotation: 0.00000000 degrees
	Tuning: -12.00000000 sm 
	Atonality: 62.22011447 %
	Effect: 43.51978302 %
	Release: 1.99999991 s 
	WheelScale: 89.99999762 %
	VelSens: 50.00000000 %
	Volume: -0.73051681 dB
	Branch1: 84.29200053 %
	Branch2: 84.29200053 %
	Branch3: 84.29200053 %
	Branch4: 84.29200053 %
	Branch5: 84.29200053 %
	Branch6: 84.29200053 %
	Branch7: 84.29200053 %
	Branch8: 84.29200053 %
	Branch9: 84.29200053 %
	Branch10: 84.29200053 %
	Branch11: 84.29200053 %
	Branch12: 84.29200053 %
	Seed: 0x63354960
	Pitch: 0.00000000
	Cloned: true
	Genome: {
		env_time: 0.93650901
		env_loop: 0.55612689
		env_tilt: 0.83321834
		vol_atk: 0.13862228
		vol_dcy: 0.18626106
		vol_sus: 0.49456254
		mod_atk: 0.82219481
		mod_dcy: 0.31514716
		mod_sh: 0.83487260
		mod_vel: 0.64552552
		lfo_rate: 0.51638049
		lfo_amt: 0.72589576
		lfo_bal: 0.88471019
		a_form: 0.52134371
		a_noise: 0.69390678
		a_color: 0.85696852
		a_freq: 0.33333334
		a_mod: 0.70338756
		b_form: 0.42663565
		b_noise: 0.46661204
		b_freq: 0.41338664
		b_mod: 0.27616343
		b_sh: 0.52644295
		fm_amt: 0.35521954
		fm_mod: 0.89250910
		sub_am: 0.45536637
		balance: 0.23104694
		flt_freq: 0.74914384
		flt_mod: 0.32233948
		flt_sep: 0.31871343
		flt_q: 0.35308087
		flt_kf: 0.67952263
		fx_mix: 0.45317262
		fx_len: 0.51717770
		fx_damp: 0.67743778
		fx_chors: 0.91074467
		fx_size: 0.99338126
	}
}
