SynplantPatch: {
	Version: 10
	Implementation: 10
	Name: "RL Fictional Instrument"
	ModWheel: 0.00000000 %
	Rotation: 0.00000000 degrees
	Tuning: +15.78412056 ct 
	Atonality: 58.94147754 %
	Effect: 40.57376385 %
	Release: 195.09135647 ms 
	WheelScale: 40.24390280 %
	VelSens: 50.00000000 %
	Volume: 3.39850003 dB
	Branch1: 0.00000000 %
	Branch2: 0.00000000 %
	Branch3: 0.00000000 %
	Branch4: 0.00000000 %
	Branch5: 0.00000000 %
	Branch6: 0.00000000 %
	Branch7: 0.00000000 %
	Branch8: 0.00000000 %
	Branch9: 0.00000000 %
	Branch10: 0.00000000 %
	Branch11: 0.00000000 %
	Branch12: 0.00000000 %
	Seed: 0xa2c5e799
	Pitch: -0.00962782
	Cloned: false
	Genome: {
		env_time: 0.38695192,
		env_loop: 0.76892352,
		env_tilt: 0.35723871,
		vol_atk: 0.48597121,
		vol_dcy: 0.41100794,
		vol_sus: 0.16991401,
		mod_atk: 0.94831491,
		mod_dcy: 0.12394547,
		mod_sh: 0.97539753,
		mod_vel: 0.88836157,
		lfo_rate: 0.57821953,
		lfo_amt: 0.30669284,
		lfo_bal: 0.57447165,
		a_form: 0.00489616,
		a_noise: 0.38755071,
		a_color: 0.21413243,
		a_freq: 0.66827130,
		a_mod: 0.31307161,
		b_form: 0.62005806,
		b_noise: 0.80677837,
		b_freq: 0.56480962,
		b_mod: 0.40222186,
		b_sh: 0.22089845,
		fm_amt: 0.56652355,
		fm_mod: 0.09260958,
		sub_am: 0.00969905,
		balance: 0.88936222,
		flt_freq: 0.35122550,
		flt_mod: 0.96665543,
		flt_sep: 0.97486556,
		flt_q: 0.09214580,
		flt_kf: 0.69455618,
		fx_mix: 1.00000000,
		fx_len: 1.00000000,
		fx_damp: 0.83605385,
		fx_chors: 0.58820444,
		fx_size: 0.07521042
	}
}
