SynplantPatch: {
	Version: 10
	Implementation: 2
	Name: "NE Interference Machine"
	ModWheel: 0.00000000 %
	Rotation: 0.00000000 degrees
	Tuning: +0.00000000 ct 
	Atonality: 23.99999946 %
	Effect: 0.00000000 %
	Release: 9.31300024 s 
	WheelScale: 100.00000000 %
	VelSens: 50.00000000 %
	Volume: 0.00000000 dB
	Branch1: 20.51203847 %
	Branch2: 24.91645664 %
	Branch3: 9.40463096 %
	Branch4: 16.72069579 %
	Branch5: 23.43370020 %
	Branch6: 41.30122066 %
	Branch7: 19.33885366 %
	Branch8: 12.68205941 %
	Branch9: 20.02798319 %
	Branch10: 22.40152806 %
	Branch11: 35.53929925 %
	Branch12: 17.44979471 %
	Seed: 0x518e0062
	Pitch: 1.55745554
	Cloned: true
	Genome: {
		env_time: 0.47368693,
		env_loop: 0.47934279,
		env_tilt: 0.72685051,
		vol_atk: 0.44765091,
		vol_dcy: 0.65339714,
		vol_sus: 0.89663011,
		mod_atk: 0.87314457,
		mod_dcy: 0.90682977,
		mod_sh: 0.11911035,
		mod_vel: 0.50000000,
		lfo_rate: 0.25338465,
		lfo_amt: 0.89729214,
		lfo_bal: 0.76601464,
		a_form: 0.42022836,
		a_noise: 0.53554535,
		a_color: 0.66631711,
		a_freq: 0.24042410,
		a_mod: 0.48246187,
		b_form: 0.54537749,
		b_noise: 0.97649932,
		b_freq: 0.70942396,
		b_mod: 0.42647779,
		b_sh: 0.23750424,
		fm_amt: 0.34145004,
		fm_mod: 0.49826431,
		sub_am: 0.25000000,
		balance: 0.13371843,
		flt_freq: 0.66986817,
		flt_mod: 0.24099791,
		flt_sep: 0.62869048,
		flt_q: 0.16924429,
		flt_kf: 0.75000000,
		fx_mix: 0.54934740,
		fx_len: 0.93922222,
		fx_damp: 0.85330188,
		fx_chors: 0.25000000,
		fx_size: 0.25759917
	}
}
