SynplantPatch: {
	Version: 10
	Implementation: 10
	Name: "AZ Whyyyyyyyyyyyyyyyyyyyyyyy"
	ModWheel: 0.00000000 %
	Rotation: 0.00000000 degrees
	Tuning: +0.00000000 ct 
	Atonality: 11.46566123 %
	Effect: 0.00000000 %
	Release: 2.95129414 s 
	WheelScale: 100.00000000 %
	VelSens: 0.00000000 %
	Volume: -3.04006263 dB
	Branch1: 0.00000000 %
	Branch2: 0.00000000 %
	Branch3: 0.00000000 %
	Branch4: 0.00000000 %
	Branch5: 0.00000000 %
	Branch6: 0.00000000 %
	Branch7: 0.00000000 %
	Branch8: 0.00000000 %
	Branch9: 0.00000000 %
	Branch10: 0.00000000 %
	Branch11: 0.00000000 %
	Branch12: 0.00000000 %
	Seed: 0xa65c42b2
	Pitch: 0.00000000
	Cloned: true
	Genome: {
		env_time: 0.52701592
		env_loop: 0.43918115
		env_tilt: 0.41100788
		vol_atk: 0.15001714
		vol_dcy: 0.39885050
		vol_sus: 0.50089753
		mod_atk: 0.42707151
		mod_dcy: 0.71265131
		mod_sh: 0.24065655
		mod_vel: 0.29364949
		lfo_rate: 0.67708588
		lfo_amt: 0.74914569
		lfo_bal: 0.80904830
		a_form: 0.12774968
		a_noise: 0.67092335
		a_color: 0.08097249
		a_freq: 0.50000000
		a_mod: 0.47829926
		b_form: 0.91130471
		b_noise: 0.19147420
		b_freq: 0.50772160
		b_mod: 0.50408709
		b_sh: 0.29040498
		fm_amt: 0.52368736
		fm_mod: 0.32630175
		sub_am: 0.04037213
		balance: 0.68276507
		flt_freq: 0.55840862
		flt_mod: 0.10415977
		flt_sep: 0.87471962
		flt_q: 0.64059931
		flt_kf: 0.89375699
		fx_mix: 0.62642133
		fx_len: 0.85500288
		fx_damp: 0.80991799
		fx_chors: 0.24192774
		fx_size: 0.68019426
	}
}
