SynplantPatch: {
	Version: 10
	Implementation: 10
	Name: "NE Equitatus"
	ModWheel: 0.00000000 %
	Rotation: 0.00000000 degrees
	Tuning: -1.66475773 ct 
	Atonality: 0.00000000 %
	Effect: 46.62774801 %
	Release: 2.65247458 s 
	WheelScale: 100.00000000 %
	VelSens: 50.00000000 %
	Volume: 0.00000000 dB
	Branch1: 0.00000000 %
	Branch2: 0.00000000 %
	Branch3: 0.00000000 %
	Branch4: 0.00000000 %
	Branch5: 0.00000000 %
	Branch6: 0.00000000 %
	Branch7: 0.00000000 %
	Branch8: 0.00000000 %
	Branch9: 0.00000000 %
	Branch10: 0.00000000 %
	Branch11: 0.00000000 %
	Branch12: 0.00000000 %
	Seed: 0xe0b46990
	Pitch: 0.00000000
	Cloned: true
	Genome: {
		env_time: 0.61622274,
		env_loop: 0.57804328,
		env_tilt: 0.11835164,
		vol_atk: 0.17650032,
		vol_dcy: 0.27000493,
		vol_sus: 0.75348520,
		mod_atk: 0.70370102,
		mod_dcy: 0.08562914,
		mod_sh: 0.46090162,
		mod_vel: 0.51349741,
		lfo_rate: 0.64436769,
		lfo_amt: 0.78159821,
		lfo_bal: 0.48752886,
		a_form: 0.52251190,
		a_noise: 0.32730997,
		a_color: 0.25343952,
		a_freq: 0.66666669,
		a_mod: 0.50000000,
		b_form: 0.50455511,
		b_noise: 0.23069790,
		b_freq: 0.56125027,
		b_mod: 0.50000000,
		b_sh: 0.56203604,
		fm_amt: 0.70660073,
		fm_mod: 0.43705609,
		sub_am: 0.68854886,
		balance: 0.63421178,
		flt_freq: 0.67466360,
		flt_mod: 0.82791126,
		flt_sep: 0.06722221,
		flt_q: 0.39146900,
		flt_kf: 0.38951826,
		fx_mix: 0.43145508,
		fx_len: 0.85687733,
		fx_damp: 0.60153067,
		fx_chors: 0.39861545,
		fx_size: 0.38745794
	}
}
